3.100e-01 9.730e-01
3.200e-01 9.740e-01
3.300e-01 9.740e-01
3.400e-01 9.740e-01
3.500e-01 9.780e-01
3.600e-01 9.790e-01
3.700e-01 9.780e-01
3.800e-01 9.770e-01
4.000e-01 9.820e-01
4.150e-01 9.810e-01
4.490e-01 9.820e-01
4.770e-01 9.830e-01
4.820e-01 9.820e-01
5.000e-01 9.820e-01
5.120e-01 9.810e-01
5.230e-01 9.810e-01
5.400e-01 9.810e-01
5.530e-01 9.780e-01
5.670e-01 9.790e-01
5.810e-01 9.780e-01
5.920e-01 9.780e-01
6.000e-01 9.720e-01
6.050e-01 9.720e-01
6.170e-01 9.760e-01
6.220e-01 9.730e-01
6.300e-01 9.720e-01
6.380e-01 9.700e-01
6.540e-01 9.660e-01
6.680e-01 9.630e-01
6.810e-01 9.590e-01
7.080e-01 9.560e-01
7.250e-01 9.500e-01
7.380e-01 9.290e-01
7.390e-01 9.320e-01
7.680e-01 9.260e-01
7.740e-01 9.250e-01
8.010e-01 9.090e-01
8.310e-01 9.150e-01
8.580e-01 8.950e-01
8.690e-01 9.020e-01
8.890e-01 8.640e-01
9.000e-01 8.810e-01
9.400e-01 8.670e-01
9.510e-01 8.460e-01
9.670e-01 8.410e-01
9.890e-01 7.820e-01
9.990e-01 7.600e-01
1.029e+00 7.480e-01
1.043e+00 7.500e-01
1.052e+00 7.640e-01
1.078e+00 7.810e-01
1.099e+00 7.800e-01
1.117e+00 7.730e-01
1.129e+00 7.680e-01
1.133e+00 7.500e-01
1.144e+00 7.500e-01
1.173e+00 6.780e-01
1.200e+00 7.090e-01
1.207e+00 5.940e-01
1.239e+00 5.470e-01
1.289e+00 5.500e-01
1.333e+00 5.480e-01
1.364e+00 5.030e-01
1.400e+00 5.080e-01
1.409e+00 5.160e-01
1.500e+00 1.450e-01
1.600e+00 1.620e-01
1.700e+00 2.450e-01
1.800e+00 3.230e-01
1.900e+00 3.010e-01
2.000e+00 6.200e-02
2.150e+00 1.390e-01
2.250e+00 2.060e-01
2.380e+00 1.330e-01
2.450e+00 9.800e-02
2.500e+00 8.700e-02
