3.000e-01 5.940e+00
3.020e-01 5.950e+00
3.040e-01 5.970e+00
3.060e-01 5.990e+00
3.080e-01 6.000e+00
3.100e-01 6.020e+00
3.120e-01 6.040e+00
3.140e-01 6.060e+00
3.160e-01 6.070e+00
3.180e-01 6.070e+00
3.200e-01 6.060e+00
3.220e-01 6.080e+00
3.240e-01 6.090e+00
3.260e-01 6.110e+00
3.280e-01 6.130e+00
3.300e-01 6.150e+00
3.320e-01 6.160e+00
3.340e-01 6.170e+00
3.360e-01 6.180e+00
3.380e-01 6.200e+00
3.400e-01 6.210e+00
3.420e-01 6.230e+00
3.440e-01 6.250e+00
3.460e-01 6.260e+00
3.480e-01 6.280e+00
3.500e-01 6.290e+00
3.520e-01 6.310e+00
3.540e-01 6.320e+00
3.560e-01 6.330e+00
3.580e-01 6.340e+00
3.600e-01 6.350e+00
3.620e-01 6.370e+00
3.640e-01 6.380e+00
3.660e-01 6.390e+00
3.680e-01 6.410e+00
3.700e-01 6.430e+00
3.720e-01 6.440e+00
3.740e-01 6.460e+00
3.760e-01 6.480e+00
3.780e-01 6.490e+00
3.800e-01 6.500e+00
3.820e-01 6.510e+00
3.840e-01 6.530e+00
3.860e-01 6.550e+00
3.880e-01 6.560e+00
3.900e-01 6.580e+00
3.920e-01 6.600e+00
3.940e-01 6.620e+00
3.960e-01 6.630e+00
3.980e-01 6.650e+00
4.000e-01 6.670e+00
4.020e-01 6.680e+00
4.040e-01 6.700e+00
4.060e-01 6.710e+00
4.080e-01 6.720e+00
4.100e-01 6.740e+00
4.120e-01 6.750e+00
4.140e-01 6.770e+00
4.160e-01 6.780e+00
4.180e-01 6.800e+00
4.200e-01 6.810e+00
4.220e-01 6.830e+00
4.240e-01 6.840e+00
4.260e-01 6.860e+00
4.280e-01 6.870e+00
4.300e-01 6.890e+00
4.320e-01 6.900e+00
4.340e-01 6.920e+00
4.360e-01 6.930e+00
4.380e-01 6.950e+00
4.400e-01 6.960e+00
4.420e-01 6.980e+00
4.440e-01 6.990e+00
4.460e-01 7.000e+00
4.480e-01 7.010e+00
4.500e-01 7.020e+00
4.520e-01 7.030e+00
4.540e-01 7.050e+00
4.560e-01 7.070e+00
4.580e-01 7.080e+00
4.600e-01 7.100e+00
4.620e-01 7.110e+00
4.640e-01 7.120e+00
4.660e-01 7.130e+00
4.680e-01 7.140e+00
4.700e-01 7.150e+00
4.720e-01 7.160e+00
4.740e-01 7.170e+00
4.760e-01 7.180e+00
4.780e-01 7.190e+00
4.800e-01 7.200e+00
4.820e-01 7.200e+00
4.840e-01 7.200e+00
4.860e-01 7.200e+00
4.880e-01 7.210e+00
4.900e-01 7.220e+00
4.920e-01 7.230e+00
4.940e-01 7.250e+00
4.960e-01 7.270e+00
4.980e-01 7.290e+00
5.000e-01 7.310e+00
5.020e-01 7.330e+00
5.040e-01 7.340e+00
5.060e-01 7.350e+00
5.080e-01 7.370e+00
5.100e-01 7.380e+00
5.120e-01 7.380e+00
5.140e-01 7.390e+00
5.160e-01 7.400e+00
5.180e-01 7.410e+00
5.200e-01 7.420e+00
5.220e-01 7.430e+00
5.240e-01 7.440e+00
5.260e-01 7.450e+00
5.280e-01 7.460e+00
5.300e-01 7.480e+00
5.320e-01 7.480e+00
5.340e-01 7.490e+00
5.360e-01 7.510e+00
5.380e-01 7.520e+00
5.400e-01 7.520e+00
5.420e-01 7.540e+00
5.440e-01 7.550e+00
5.460e-01 7.550e+00
5.480e-01 7.570e+00
5.500e-01 7.580e+00
5.520e-01 7.580e+00
5.540e-01 7.590e+00
5.560e-01 7.600e+00
5.580e-01 7.610e+00
5.600e-01 7.620e+00
5.620e-01 7.630e+00
5.640e-01 7.640e+00
5.660e-01 7.650e+00
5.680e-01 7.660e+00
5.700e-01 7.660e+00
5.720e-01 7.670e+00
5.740e-01 7.680e+00
5.760e-01 7.690e+00
5.780e-01 7.690e+00
5.800e-01 7.700e+00
5.820e-01 7.710e+00
5.840e-01 7.720e+00
5.860e-01 7.730e+00
5.880e-01 7.730e+00
5.900e-01 7.740e+00
5.920e-01 7.750e+00
5.940e-01 7.750e+00
5.960e-01 7.760e+00
5.980e-01 7.770e+00
6.000e-01 7.770e+00
6.020e-01 7.780e+00
6.040e-01 7.790e+00
6.060e-01 7.790e+00
6.080e-01 7.800e+00
6.100e-01 7.810e+00
6.120e-01 7.810e+00
6.140e-01 7.820e+00
6.160e-01 7.820e+00
6.180e-01 7.830e+00
6.200e-01 7.840e+00
6.220e-01 7.840e+00
6.240e-01 7.850e+00
6.260e-01 7.850e+00
6.280e-01 7.860e+00
6.300e-01 7.860e+00
6.320e-01 7.870e+00
6.340e-01 7.880e+00
6.360e-01 7.880e+00
6.380e-01 7.890e+00
6.400e-01 7.890e+00
6.420e-01 7.900e+00
6.440e-01 7.900e+00
6.460e-01 7.910e+00
6.480e-01 7.910e+00
6.500e-01 7.920e+00
6.520e-01 7.930e+00
6.540e-01 7.930e+00
6.560e-01 7.940e+00
6.580e-01 7.940e+00
6.600e-01 7.950e+00
6.620e-01 7.950e+00
6.640e-01 7.960e+00
6.660e-01 7.970e+00
6.680e-01 7.970e+00
6.700e-01 7.980e+00
6.720e-01 7.980e+00
6.740e-01 7.990e+00
6.760e-01 8.000e+00
6.780e-01 8.000e+00
6.800e-01 8.000e+00
6.820e-01 8.010e+00
6.840e-01 8.010e+00
6.860e-01 8.020e+00
6.880e-01 8.020e+00
6.900e-01 8.020e+00
6.920e-01 8.020e+00
6.940e-01 8.030e+00
6.960e-01 8.040e+00
6.980e-01 8.040e+00
7.000e-01 8.050e+00
7.020e-01 8.050e+00
7.040e-01 8.060e+00
7.060e-01 8.060e+00
7.080e-01 8.070e+00
7.100e-01 8.070e+00
7.120e-01 8.080e+00
7.140e-01 8.080e+00
7.160e-01 8.080e+00
7.180e-01 8.090e+00
7.200e-01 8.090e+00
7.220e-01 8.100e+00
7.240e-01 8.100e+00
7.260e-01 8.110e+00
7.280e-01 8.110e+00
7.300e-01 8.120e+00
7.320e-01 8.120e+00
7.340e-01 8.130e+00
7.360e-01 8.130e+00
7.380e-01 8.140e+00
7.400e-01 8.140e+00
7.420e-01 8.150e+00
7.440e-01 8.150e+00
7.460e-01 8.150e+00
7.480e-01 8.160e+00
7.500e-01 8.160e+00
7.520e-01 8.160e+00
7.540e-01 8.170e+00
7.560e-01 8.170e+00
7.580e-01 8.170e+00
7.600e-01 8.180e+00
7.620e-01 8.180e+00
7.640e-01 8.190e+00
7.660e-01 8.190e+00
7.680e-01 8.190e+00
7.700e-01 8.200e+00
7.720e-01 8.200e+00
7.740e-01 8.200e+00
7.760e-01 8.210e+00
7.780e-01 8.210e+00
7.800e-01 8.220e+00
7.820e-01 8.220e+00
7.840e-01 8.220e+00
7.860e-01 8.230e+00
7.880e-01 8.230e+00
7.900e-01 8.230e+00
7.920e-01 8.240e+00
7.940e-01 8.240e+00
7.960e-01 8.240e+00
7.980e-01 8.240e+00
8.000e-01 8.240e+00
8.200e-01 8.270e+00
8.400e-01 8.290e+00
8.600e-01 8.310e+00
8.800e-01 8.470e+00
9.000e-01 8.590e+00
9.200e-01 8.610e+00
9.400e-01 8.460e+00
9.600e-01 8.380e+00
9.800e-01 8.380e+00
1.000e+00 8.360e+00
1.020e+00 8.380e+00
1.040e+00 8.380e+00
1.060e+00 8.390e+00
1.080e+00 8.370e+00
1.100e+00 8.400e+00
1.120e+00 8.400e+00
1.140e+00 8.410e+00
1.160e+00 8.430e+00
1.180e+00 8.460e+00
1.200e+00 8.370e+00
1.220e+00 8.390e+00
1.240e+00 8.420e+00
1.260e+00 8.410e+00
1.280e+00 8.420e+00
1.300e+00 8.400e+00
1.320e+00 8.410e+00
1.340e+00 8.400e+00
1.360e+00 8.410e+00
1.380e+00 8.380e+00
1.400e+00 8.380e+00
1.420e+00 8.350e+00
1.440e+00 8.370e+00
1.460e+00 8.360e+00
1.480e+00 8.360e+00
1.500e+00 8.370e+00
1.520e+00 8.370e+00
1.540e+00 8.370e+00
1.560e+00 8.360e+00
1.580e+00 8.370e+00
1.600e+00 8.350e+00
1.620e+00 8.360e+00
1.640e+00 8.370e+00
1.660e+00 8.360e+00
1.680e+00 8.350e+00
1.700e+00 8.360e+00
1.720e+00 8.340e+00
1.740e+00 8.360e+00
1.760e+00 8.310e+00
1.780e+00 8.310e+00
1.800e+00 8.310e+00
1.820e+00 8.310e+00
1.840e+00 8.290e+00
1.860e+00 8.280e+00
1.880e+00 8.280e+00
1.900e+00 8.220e+00
1.920e+00 8.170e+00
1.940e+00 8.130e+00
1.960e+00 8.150e+00
1.980e+00 8.140e+00
2.000e+00 8.190e+00
2.020e+00 8.230e+00
2.040e+00 8.230e+00
2.060e+00 8.220e+00
2.080e+00 8.210e+00
2.100e+00 8.160e+00
2.120e+00 8.080e+00
2.140e+00 8.050e+00
2.160e+00 8.040e+00
2.180e+00 8.040e+00
2.200e+00 8.030e+00
2.220e+00 8.010e+00
2.240e+00 7.960e+00
2.260e+00 8.033e+00
2.280e+00 7.997e+00
2.300e+00 7.716e+00
2.320e+00 7.592e+00
2.340e+00 7.615e+00
2.360e+00 7.479e+00
2.380e+00 7.454e+00
2.400e+00 7.367e+00
2.420e+00 7.412e+00
2.440e+00 7.136e+00
2.460e+00 7.053e+00
2.480e+00 7.094e+00
2.500e+00 6.968e+00
2.520e+00 6.897e+00
2.540e+00 7.162e+00
2.560e+00 7.076e+00
2.580e+00 7.031e+00
2.600e+00 6.920e+00
2.620e+00 6.878e+00
2.640e+00 6.878e+00
2.660e+00 6.918e+00
2.680e+00 6.590e+00
2.700e+00 5.920e+00
2.720e+00 5.452e+00
2.740e+00 5.166e+00
2.760e+00 5.028e+00
2.780e+00 5.140e+00
2.800e+00 5.315e+00
2.820e+00 5.174e+00
2.840e+00 5.259e+00
2.860e+00 5.139e+00
2.880e+00 5.149e+00
2.900e+00 5.150e+00
2.920e+00 5.100e+00
2.940e+00 5.014e+00
2.960e+00 5.091e+00
2.980e+00 5.106e+00
3.000e+00 5.196e+00
3.020e+00 5.179e+00
3.040e+00 5.241e+00
3.060e+00 5.334e+00
3.080e+00 5.429e+00
3.100e+00 5.479e+00
3.120e+00 5.539e+00
3.140e+00 5.405e+00
3.160e+00 5.480e+00
3.180e+00 5.566e+00
3.200e+00 5.551e+00
3.220e+00 5.535e+00
3.240e+00 5.367e+00
3.260e+00 5.565e+00
3.280e+00 5.323e+00
3.300e+00 5.051e+00
3.320e+00 5.184e+00
3.340e+00 5.199e+00
3.360e+00 4.984e+00
3.380e+00 4.761e+00
3.400e+00 4.575e+00
3.420e+00 4.487e+00
3.440e+00 4.562e+00
3.460e+00 4.596e+00
3.480e+00 4.657e+00
3.500e+00 4.713e+00
3.520e+00 4.838e+00
3.540e+00 5.225e+00
3.560e+00 5.256e+00
3.580e+00 5.357e+00
3.600e+00 5.329e+00
3.620e+00 5.473e+00
3.640e+00 5.527e+00
3.660e+00 5.419e+00
3.680e+00 5.374e+00
3.700e+00 5.419e+00
3.720e+00 5.364e+00
3.740e+00 5.245e+00
3.760e+00 5.080e+00
3.780e+00 4.904e+00
3.800e+00 4.869e+00
3.820e+00 5.007e+00
3.840e+00 5.070e+00
3.860e+00 4.926e+00
3.880e+00 4.906e+00
3.900e+00 4.794e+00
3.920e+00 4.629e+00
3.940e+00 4.596e+00
3.960e+00 4.679e+00
3.980e+00 4.835e+00
4.000e+00 5.129e+00
4.020e+00 5.388e+00
4.040e+00 5.545e+00
4.060e+00 5.655e+00
4.080e+00 5.792e+00
4.100e+00 5.891e+00
4.120e+00 5.819e+00
4.140e+00 5.954e+00
4.160e+00 5.888e+00
4.180e+00 5.938e+00
4.200e+00 5.997e+00
4.220e+00 5.953e+00
4.240e+00 5.918e+00
4.260e+00 5.948e+00
4.280e+00 5.941e+00
4.300e+00 5.878e+00
4.320e+00 5.998e+00
4.340e+00 6.073e+00
4.360e+00 6.060e+00
4.380e+00 6.039e+00
4.400e+00 6.017e+00
4.420e+00 6.003e+00
4.440e+00 5.845e+00
4.460e+00 5.892e+00
4.480e+00 5.919e+00
4.500e+00 5.934e+00
4.520e+00 5.992e+00
4.540e+00 5.943e+00
4.560e+00 5.891e+00
4.580e+00 5.848e+00
4.600e+00 5.824e+00
4.620e+00 5.817e+00
4.640e+00 5.817e+00
4.660e+00 5.800e+00
4.680e+00 5.894e+00
4.700e+00 5.901e+00
4.720e+00 5.924e+00
4.740e+00 5.934e+00
4.760e+00 5.969e+00
4.780e+00 6.013e+00
4.800e+00 5.856e+00
4.820e+00 5.910e+00
4.840e+00 5.846e+00
4.860e+00 5.817e+00
4.880e+00 5.732e+00
4.900e+00 5.654e+00
4.920e+00 5.636e+00
4.940e+00 5.459e+00
4.960e+00 5.536e+00
4.980e+00 5.357e+00
5.000e+00 5.306e+00
5.100e+00 5.152e+00
5.200e+00 4.936e+00
5.300e+00 4.751e+00
5.400e+00 4.509e+00
5.500e+00 4.069e+00
5.600e+00 3.842e+00
5.700e+00 3.602e+00
5.800e+00 3.334e+00
5.900e+00 3.214e+00
6.000e+00 3.230e+00
6.100e+00 3.165e+00
6.200e+00 3.177e+00
6.300e+00 3.856e+00
6.400e+00 4.847e+00
6.500e+00 4.941e+00
6.600e+00 4.599e+00
6.700e+00 4.199e+00
6.800e+00 3.973e+00
6.900e+00 3.849e+00
7.000e+00 3.862e+00
7.100e+00 3.573e+00
7.200e+00 3.764e+00
7.300e+00 3.898e+00
7.400e+00 4.096e+00
7.500e+00 4.083e+00
7.600e+00 4.123e+00
7.700e+00 4.098e+00
7.800e+00 4.324e+00
7.900e+00 4.785e+00
8.000e+00 5.467e+00
8.100e+00 6.396e+00
8.200e+00 7.468e+00
8.300e+00 7.539e+00
8.400e+00 7.304e+00
8.500e+00 7.178e+00
8.600e+00 6.363e+00
8.700e+00 6.606e+00
8.800e+00 6.925e+00
8.900e+00 6.881e+00
9.000e+00 7.023e+00
9.100e+00 7.259e+00
9.200e+00 7.654e+00
9.300e+00 7.731e+00
9.400e+00 7.019e+00
9.500e+00 6.462e+00
9.600e+00 6.680e+00
9.700e+00 6.869e+00
9.800e+00 6.143e+00
9.900e+00 6.176e+00
1.000e+01 6.434e+00
1.010e+01 5.694e+00
1.020e+01 5.087e+00
1.030e+01 4.721e+00
1.040e+01 4.423e+00
1.050e+01 4.236e+00
1.060e+01 4.178e+00
1.070e+01 4.141e+00
1.080e+01 4.186e+00
1.090e+01 4.423e+00
1.100e+01 4.702e+00
1.110e+01 4.897e+00
1.120e+01 4.666e+00
1.130e+01 4.201e+00
1.140e+01 3.752e+00
1.150e+01 3.752e+00
1.160e+01 3.642e+00
1.170e+01 3.425e+00
1.180e+01 3.381e+00
1.190e+01 3.244e+00
1.200e+01 3.273e+00
1.210e+01 2.892e+00
1.220e+01 3.269e+00
1.230e+01 2.829e+00
1.240e+01 3.541e+00
1.250e+01 3.787e+00
