4.000e-01 8.385e-02
4.020e-01 8.422e-02
4.040e-01 8.448e-02
4.060e-01 8.474e-02
4.080e-01 8.502e-02
4.100e-01 8.505e-02
4.120e-01 8.522e-02
4.140e-01 8.540e-02
4.160e-01 8.551e-02
4.180e-01 8.555e-02
4.200e-01 8.561e-02
4.220e-01 8.568e-02
4.240e-01 8.584e-02
4.260e-01 8.588e-02
4.280e-01 8.593e-02
4.300e-01 8.607e-02
4.320e-01 8.605e-02
4.340e-01 8.603e-02
4.360e-01 8.603e-02
4.380e-01 8.596e-02
4.400e-01 8.589e-02
4.420e-01 8.580e-02
4.440e-01 8.570e-02
4.460e-01 8.566e-02
4.480e-01 8.565e-02
4.501e-01 8.560e-02
4.521e-01 8.556e-02
4.541e-01 8.571e-02
4.561e-01 8.591e-02
4.581e-01 8.583e-02
4.601e-01 8.578e-02
4.621e-01 8.588e-02
4.641e-01 8.592e-02
4.661e-01 8.596e-02
4.681e-01 8.592e-02
4.701e-01 8.581e-02
4.721e-01 8.571e-02
4.741e-01 8.560e-02
4.761e-01 8.549e-02
4.781e-01 8.536e-02
4.801e-01 8.530e-02
4.821e-01 8.512e-02
4.841e-01 8.493e-02
4.861e-01 8.468e-02
4.881e-01 8.444e-02
4.901e-01 8.415e-02
4.921e-01 8.381e-02
4.941e-01 8.351e-02
4.961e-01 8.317e-02
4.981e-01 8.287e-02
5.001e-01 8.250e-02
5.021e-01 8.218e-02
5.041e-01 8.187e-02
5.061e-01 8.162e-02
5.081e-01 8.142e-02
5.101e-01 8.137e-02
5.121e-01 8.134e-02
5.141e-01 8.149e-02
5.161e-01 8.160e-02
5.181e-01 8.186e-02
5.201e-01 8.226e-02
5.221e-01 8.265e-02
5.241e-01 8.295e-02
5.261e-01 8.335e-02
5.281e-01 8.370e-02
5.301e-01 8.391e-02
5.321e-01 8.415e-02
5.341e-01 8.430e-02
5.361e-01 8.444e-02
5.381e-01 8.458e-02
5.401e-01 8.478e-02
5.421e-01 8.489e-02
5.441e-01 8.501e-02
5.461e-01 8.509e-02
5.481e-01 8.503e-02
5.502e-01 8.509e-02
5.522e-01 8.509e-02
5.542e-01 8.503e-02
5.562e-01 8.502e-02
5.582e-01 8.490e-02
5.602e-01 8.490e-02
5.622e-01 8.480e-02
5.642e-01 8.464e-02
5.662e-01 8.440e-02
5.682e-01 8.415e-02
5.702e-01 8.393e-02
5.722e-01 8.366e-02
5.742e-01 8.343e-02
5.762e-01 8.316e-02
5.782e-01 8.297e-02
5.802e-01 8.274e-02
5.822e-01 8.254e-02
5.842e-01 8.240e-02
5.862e-01 8.227e-02
5.882e-01 8.212e-02
5.902e-01 8.200e-02
5.922e-01 8.187e-02
5.942e-01 8.167e-02
5.962e-01 8.148e-02
5.982e-01 8.141e-02
6.002e-01 8.125e-02
6.022e-01 8.120e-02
6.042e-01 8.111e-02
6.062e-01 8.100e-02
6.082e-01 8.097e-02
6.102e-01 8.104e-02
6.122e-01 8.103e-02
6.142e-01 8.097e-02
6.162e-01 8.082e-02
6.182e-01 8.079e-02
6.202e-01 8.075e-02
6.222e-01 8.075e-02
6.242e-01 8.075e-02
6.262e-01 8.079e-02
6.282e-01 8.082e-02
6.302e-01 8.096e-02
6.322e-01 8.093e-02
6.342e-01 8.094e-02
6.362e-01 8.087e-02
6.382e-01 8.085e-02
6.402e-01 8.071e-02
6.422e-01 8.062e-02
6.442e-01 8.046e-02
6.462e-01 8.032e-02
6.482e-01 8.018e-02
6.503e-01 8.010e-02
6.523e-01 8.015e-02
6.543e-01 8.008e-02
6.563e-01 8.003e-02
6.583e-01 7.995e-02
6.603e-01 7.987e-02
6.623e-01 7.990e-02
6.643e-01 7.980e-02
6.663e-01 7.980e-02
6.683e-01 7.966e-02
6.703e-01 7.967e-02
6.723e-01 7.959e-02
6.743e-01 7.969e-02
6.763e-01 7.992e-02
6.783e-01 8.000e-02
6.803e-01 8.024e-02
6.823e-01 8.050e-02
6.843e-01 8.084e-02
6.863e-01 8.129e-02
6.883e-01 8.186e-02
6.903e-01 8.257e-02
6.923e-01 8.351e-02
6.943e-01 8.471e-02
6.963e-01 8.602e-02
6.983e-01 8.761e-02
7.003e-01 8.938e-02
7.023e-01 9.127e-02
7.043e-01 9.335e-02
7.063e-01 9.541e-02
7.083e-01 9.751e-02
7.103e-01 9.957e-02
7.123e-01 1.017e-01
7.143e-01 1.038e-01
7.163e-01 1.059e-01
7.183e-01 1.079e-01
7.203e-01 1.099e-01
7.223e-01 1.118e-01
7.243e-01 1.137e-01
7.263e-01 1.153e-01
7.283e-01 1.169e-01
7.303e-01 1.183e-01
7.323e-01 1.197e-01
7.343e-01 1.209e-01
7.363e-01 1.222e-01
7.383e-01 1.235e-01
7.403e-01 1.247e-01
7.423e-01 1.257e-01
7.443e-01 1.266e-01
7.463e-01 1.273e-01
7.483e-01 1.280e-01
7.504e-01 1.285e-01
7.524e-01 1.289e-01
7.544e-01 1.294e-01
7.564e-01 1.296e-01
7.584e-01 1.299e-01
7.604e-01 1.301e-01
7.624e-01 1.303e-01
7.644e-01 1.305e-01
7.664e-01 1.307e-01
7.684e-01 1.309e-01
7.704e-01 1.311e-01
7.724e-01 1.314e-01
7.744e-01 1.315e-01
7.764e-01 1.316e-01
7.784e-01 1.318e-01
7.804e-01 1.319e-01
7.824e-01 1.320e-01
7.844e-01 1.321e-01
7.864e-01 1.322e-01
7.884e-01 1.323e-01
7.904e-01 1.325e-01
7.924e-01 1.326e-01
7.944e-01 1.327e-01
7.964e-01 1.328e-01
7.984e-01 1.329e-01
8.004e-01 1.331e-01
8.024e-01 1.332e-01
8.044e-01 1.333e-01
8.064e-01 1.335e-01
8.084e-01 1.336e-01
8.104e-01 1.338e-01
8.124e-01 1.339e-01
8.144e-01 1.340e-01
8.164e-01 1.342e-01
8.184e-01 1.343e-01
8.204e-01 1.345e-01
8.224e-01 1.346e-01
8.244e-01 1.347e-01
8.264e-01 1.348e-01
8.284e-01 1.349e-01
8.304e-01 1.350e-01
8.324e-01 1.350e-01
8.344e-01 1.351e-01
8.364e-01 1.351e-01
8.384e-01 1.352e-01
8.404e-01 1.353e-01
8.424e-01 1.354e-01
8.444e-01 1.354e-01
8.464e-01 1.355e-01
8.484e-01 1.355e-01
8.505e-01 1.355e-01
8.525e-01 1.356e-01
8.545e-01 1.357e-01
8.565e-01 1.358e-01
8.585e-01 1.359e-01
8.605e-01 1.361e-01
8.625e-01 1.363e-01
8.645e-01 1.365e-01
8.665e-01 1.367e-01
8.685e-01 1.368e-01
8.705e-01 1.368e-01
8.725e-01 1.368e-01
8.745e-01 1.367e-01
8.765e-01 1.367e-01
8.785e-01 1.366e-01
8.805e-01 1.366e-01
8.825e-01 1.365e-01
8.845e-01 1.365e-01
8.865e-01 1.366e-01
8.885e-01 1.366e-01
8.905e-01 1.368e-01
8.925e-01 1.370e-01
8.945e-01 1.372e-01
8.965e-01 1.374e-01
8.985e-01 1.376e-01
9.005e-01 1.378e-01
9.025e-01 1.380e-01
9.045e-01 1.382e-01
9.065e-01 1.383e-01
9.085e-01 1.384e-01
9.105e-01 1.385e-01
9.125e-01 1.386e-01
9.145e-01 1.386e-01
9.165e-01 1.387e-01
9.185e-01 1.387e-01
9.205e-01 1.388e-01
9.225e-01 1.388e-01
9.245e-01 1.388e-01
9.265e-01 1.389e-01
9.285e-01 1.388e-01
9.305e-01 1.388e-01
9.325e-01 1.387e-01
9.345e-01 1.386e-01
9.365e-01 1.385e-01
9.385e-01 1.383e-01
9.405e-01 1.382e-01
9.425e-01 1.380e-01
9.445e-01 1.378e-01
9.465e-01 1.377e-01
9.485e-01 1.375e-01
9.506e-01 1.374e-01
9.526e-01 1.373e-01
9.546e-01 1.372e-01
9.566e-01 1.371e-01
9.586e-01 1.370e-01
9.606e-01 1.369e-01
9.626e-01 1.369e-01
9.646e-01 1.368e-01
9.666e-01 1.367e-01
9.686e-01 1.366e-01
9.706e-01 1.365e-01
9.726e-01 1.363e-01
9.746e-01 1.362e-01
9.766e-01 1.361e-01
9.786e-01 1.359e-01
9.806e-01 1.358e-01
9.826e-01 1.357e-01
9.846e-01 1.356e-01
9.866e-01 1.355e-01
9.886e-01 1.354e-01
9.906e-01 1.352e-01
9.926e-01 1.351e-01
9.946e-01 1.351e-01
9.966e-01 1.352e-01
9.986e-01 1.352e-01
1.001e+00 1.354e-01
1.003e+00 1.356e-01
1.005e+00 1.356e-01
1.007e+00 1.357e-01
1.009e+00 1.358e-01
1.011e+00 1.359e-01
1.013e+00 1.360e-01
1.015e+00 1.362e-01
1.017e+00 1.363e-01
1.019e+00 1.365e-01
1.021e+00 1.366e-01
1.023e+00 1.368e-01
1.025e+00 1.369e-01
1.027e+00 1.371e-01
1.029e+00 1.373e-01
1.031e+00 1.374e-01
1.033e+00 1.376e-01
1.035e+00 1.376e-01
1.037e+00 1.377e-01
1.039e+00 1.378e-01
1.041e+00 1.380e-01
1.043e+00 1.382e-01
1.045e+00 1.384e-01
1.047e+00 1.386e-01
1.049e+00 1.388e-01
1.051e+00 1.391e-01
1.053e+00 1.394e-01
1.055e+00 1.395e-01
1.057e+00 1.397e-01
1.059e+00 1.398e-01
1.061e+00 1.399e-01
1.063e+00 1.400e-01
1.065e+00 1.402e-01
1.067e+00 1.403e-01
1.069e+00 1.404e-01
1.071e+00 1.405e-01
1.073e+00 1.406e-01
1.075e+00 1.407e-01
1.077e+00 1.407e-01
1.079e+00 1.408e-01
1.081e+00 1.408e-01
1.083e+00 1.409e-01
1.085e+00 1.410e-01
1.087e+00 1.411e-01
1.089e+00 1.411e-01
1.091e+00 1.411e-01
1.093e+00 1.411e-01
1.095e+00 1.412e-01
1.097e+00 1.412e-01
1.099e+00 1.412e-01
1.101e+00 1.411e-01
1.103e+00 1.410e-01
1.105e+00 1.410e-01
1.107e+00 1.410e-01
1.109e+00 1.410e-01
1.111e+00 1.410e-01
1.113e+00 1.410e-01
1.115e+00 1.410e-01
1.117e+00 1.410e-01
1.119e+00 1.409e-01
1.121e+00 1.409e-01
1.123e+00 1.408e-01
1.125e+00 1.406e-01
1.127e+00 1.404e-01
1.129e+00 1.400e-01
1.131e+00 1.395e-01
1.133e+00 1.390e-01
1.135e+00 1.386e-01
1.137e+00 1.384e-01
1.139e+00 1.381e-01
1.141e+00 1.377e-01
1.143e+00 1.373e-01
1.145e+00 1.369e-01
1.147e+00 1.365e-01
1.149e+00 1.360e-01
1.151e+00 1.355e-01
1.153e+00 1.349e-01
1.155e+00 1.344e-01
1.157e+00 1.339e-01
1.159e+00 1.335e-01
1.161e+00 1.330e-01
1.163e+00 1.327e-01
1.165e+00 1.323e-01
1.167e+00 1.320e-01
1.169e+00 1.319e-01
1.171e+00 1.318e-01
1.173e+00 1.318e-01
1.175e+00 1.319e-01
1.177e+00 1.322e-01
1.179e+00 1.324e-01
1.181e+00 1.326e-01
1.183e+00 1.329e-01
1.185e+00 1.331e-01
1.187e+00 1.334e-01
1.189e+00 1.336e-01
1.191e+00 1.337e-01
1.193e+00 1.336e-01
1.195e+00 1.334e-01
1.197e+00 1.331e-01
1.199e+00 1.326e-01
1.201e+00 1.319e-01
1.203e+00 1.310e-01
1.205e+00 1.300e-01
1.207e+00 1.292e-01
1.209e+00 1.284e-01
1.211e+00 1.278e-01
1.213e+00 1.273e-01
1.215e+00 1.271e-01
1.217e+00 1.270e-01
1.219e+00 1.270e-01
1.221e+00 1.271e-01
1.223e+00 1.273e-01
1.225e+00 1.275e-01
1.227e+00 1.278e-01
1.229e+00 1.281e-01
1.231e+00 1.286e-01
1.233e+00 1.290e-01
1.235e+00 1.294e-01
1.237e+00 1.297e-01
1.239e+00 1.301e-01
1.241e+00 1.305e-01
1.243e+00 1.309e-01
1.245e+00 1.312e-01
1.247e+00 1.314e-01
1.249e+00 1.316e-01
1.251e+00 1.318e-01
1.253e+00 1.319e-01
1.255e+00 1.321e-01
1.257e+00 1.322e-01
1.259e+00 1.324e-01
1.261e+00 1.324e-01
1.263e+00 1.325e-01
1.265e+00 1.326e-01
1.267e+00 1.326e-01
1.269e+00 1.326e-01
1.271e+00 1.326e-01
1.273e+00 1.326e-01
1.275e+00 1.325e-01
1.277e+00 1.326e-01
1.279e+00 1.326e-01
1.281e+00 1.325e-01
1.283e+00 1.324e-01
1.285e+00 1.324e-01
1.287e+00 1.324e-01
1.289e+00 1.324e-01
1.291e+00 1.323e-01
1.293e+00 1.322e-01
1.295e+00 1.321e-01
1.297e+00 1.320e-01
1.299e+00 1.320e-01
1.301e+00 1.319e-01
1.303e+00 1.319e-01
1.305e+00 1.317e-01
1.307e+00 1.316e-01
1.309e+00 1.314e-01
1.311e+00 1.312e-01
1.313e+00 1.310e-01
1.315e+00 1.308e-01
1.317e+00 1.305e-01
1.319e+00 1.302e-01
1.321e+00 1.299e-01
1.323e+00 1.295e-01
1.325e+00 1.292e-01
1.327e+00 1.288e-01
1.329e+00 1.284e-01
1.331e+00 1.280e-01
1.333e+00 1.275e-01
1.335e+00 1.271e-01
1.337e+00 1.266e-01
1.339e+00 1.261e-01
1.341e+00 1.255e-01
1.343e+00 1.250e-01
1.345e+00 1.246e-01
1.347e+00 1.241e-01
1.349e+00 1.236e-01
1.351e+00 1.232e-01
1.353e+00 1.227e-01
1.355e+00 1.222e-01
1.357e+00 1.217e-01
1.359e+00 1.212e-01
1.361e+00 1.206e-01
1.363e+00 1.199e-01
1.365e+00 1.193e-01
1.367e+00 1.186e-01
1.369e+00 1.180e-01
1.371e+00 1.172e-01
1.373e+00 1.165e-01
1.375e+00 1.156e-01
1.377e+00 1.147e-01
1.379e+00 1.137e-01
1.381e+00 1.127e-01
1.383e+00 1.116e-01
1.385e+00 1.104e-01
1.387e+00 1.092e-01
1.389e+00 1.079e-01
1.391e+00 1.066e-01
1.393e+00 1.053e-01
1.395e+00 1.040e-01
1.397e+00 1.028e-01
1.399e+00 1.016e-01
1.401e+00 1.004e-01
1.403e+00 9.928e-02
1.405e+00 9.822e-02
1.407e+00 9.722e-02
1.409e+00 9.635e-02
1.411e+00 9.551e-02
1.413e+00 9.479e-02
1.415e+00 9.410e-02
1.417e+00 9.349e-02
1.419e+00 9.291e-02
1.421e+00 9.235e-02
1.423e+00 9.182e-02
1.425e+00 9.135e-02
1.427e+00 9.093e-02
1.429e+00 9.051e-02
1.431e+00 9.004e-02
1.433e+00 8.959e-02
1.435e+00 8.918e-02
1.437e+00 8.880e-02
1.439e+00 8.844e-02
1.441e+00 8.808e-02
1.443e+00 8.773e-02
1.445e+00 8.742e-02
1.447e+00 8.714e-02
1.449e+00 8.684e-02
1.451e+00 8.652e-02
1.453e+00 8.619e-02
1.455e+00 8.588e-02
1.457e+00 8.560e-02
1.459e+00 8.535e-02
1.461e+00 8.509e-02
1.463e+00 8.486e-02
1.465e+00 8.466e-02
1.467e+00 8.449e-02
1.469e+00 8.431e-02
1.471e+00 8.411e-02
1.473e+00 8.392e-02
1.475e+00 8.378e-02
1.477e+00 8.368e-02
1.479e+00 8.361e-02
1.481e+00 8.356e-02
1.483e+00 8.352e-02
1.485e+00 8.349e-02
1.487e+00 8.348e-02
1.489e+00 8.348e-02
1.491e+00 8.348e-02
1.493e+00 8.349e-02
1.495e+00 8.347e-02
1.497e+00 8.344e-02
1.499e+00 8.344e-02
1.501e+00 8.352e-02
1.503e+00 8.365e-02
1.505e+00 8.382e-02
1.507e+00 8.400e-02
1.509e+00 8.417e-02
1.511e+00 8.432e-02
1.513e+00 8.449e-02
1.515e+00 8.469e-02
1.517e+00 8.495e-02
1.519e+00 8.519e-02
1.521e+00 8.538e-02
1.523e+00 8.556e-02
1.525e+00 8.578e-02
1.527e+00 8.604e-02
1.529e+00 8.631e-02
1.531e+00 8.656e-02
1.533e+00 8.681e-02
1.535e+00 8.702e-02
1.537e+00 8.725e-02
1.539e+00 8.749e-02
1.541e+00 8.777e-02
1.543e+00 8.806e-02
1.545e+00 8.833e-02
1.547e+00 8.855e-02
1.549e+00 8.878e-02
1.551e+00 8.905e-02
1.553e+00 8.937e-02
1.555e+00 8.971e-02
1.557e+00 9.008e-02
1.559e+00 9.041e-02
1.561e+00 9.068e-02
1.563e+00 9.091e-02
1.565e+00 9.114e-02
1.567e+00 9.138e-02
1.569e+00 9.163e-02
1.571e+00 9.190e-02
1.573e+00 9.218e-02
1.575e+00 9.247e-02
1.577e+00 9.279e-02
1.579e+00 9.312e-02
1.581e+00 9.345e-02
1.583e+00 9.377e-02
1.585e+00 9.408e-02
1.587e+00 9.438e-02
1.589e+00 9.467e-02
1.591e+00 9.494e-02
1.593e+00 9.523e-02
1.595e+00 9.552e-02
1.597e+00 9.581e-02
1.599e+00 9.611e-02
1.601e+00 9.643e-02
1.603e+00 9.675e-02
1.605e+00 9.706e-02
1.607e+00 9.737e-02
1.609e+00 9.765e-02
1.611e+00 9.794e-02
1.613e+00 9.823e-02
1.615e+00 9.853e-02
1.617e+00 9.882e-02
1.619e+00 9.911e-02
1.621e+00 9.939e-02
1.623e+00 9.967e-02
1.625e+00 9.993e-02
1.627e+00 1.002e-01
1.629e+00 1.004e-01
1.631e+00 1.006e-01
1.633e+00 1.008e-01
1.635e+00 1.011e-01
1.637e+00 1.013e-01
1.639e+00 1.015e-01
1.641e+00 1.017e-01
1.643e+00 1.018e-01
1.645e+00 1.019e-01
1.647e+00 1.020e-01
1.649e+00 1.021e-01
1.651e+00 1.022e-01
1.653e+00 1.023e-01
1.655e+00 1.024e-01
1.657e+00 1.024e-01
1.659e+00 1.025e-01
1.661e+00 1.025e-01
1.663e+00 1.025e-01
1.665e+00 1.026e-01
1.667e+00 1.025e-01
1.669e+00 1.025e-01
1.671e+00 1.024e-01
1.673e+00 1.024e-01
1.675e+00 1.024e-01
1.677e+00 1.023e-01
1.679e+00 1.022e-01
1.681e+00 1.021e-01
1.683e+00 1.020e-01
1.685e+00 1.019e-01
1.687e+00 1.019e-01
1.689e+00 1.018e-01
1.691e+00 1.018e-01
1.693e+00 1.017e-01
1.695e+00 1.016e-01
1.697e+00 1.016e-01
1.699e+00 1.015e-01
1.701e+00 1.013e-01
1.703e+00 1.012e-01
1.705e+00 1.010e-01
1.707e+00 1.009e-01
1.709e+00 1.008e-01
1.711e+00 1.007e-01
1.713e+00 1.006e-01
1.715e+00 1.005e-01
1.717e+00 1.004e-01
1.719e+00 1.002e-01
1.721e+00 1.000e-01
1.723e+00 9.988e-02
1.725e+00 9.981e-02
1.727e+00 9.980e-02
1.729e+00 9.980e-02
1.731e+00 9.980e-02
1.733e+00 9.977e-02
1.735e+00 9.974e-02
1.737e+00 9.972e-02
1.739e+00 9.969e-02
1.741e+00 9.968e-02
1.743e+00 9.967e-02
1.745e+00 9.968e-02
1.747e+00 9.970e-02
1.749e+00 9.968e-02
1.751e+00 9.963e-02
1.753e+00 9.952e-02
1.755e+00 9.939e-02
1.757e+00 9.924e-02
1.759e+00 9.910e-02
1.761e+00 9.897e-02
1.763e+00 9.888e-02
1.765e+00 9.884e-02
1.767e+00 9.884e-02
1.769e+00 9.885e-02
1.771e+00 9.886e-02
1.773e+00 9.889e-02
1.775e+00 9.891e-02
1.777e+00 9.889e-02
1.779e+00 9.886e-02
1.781e+00 9.889e-02
1.783e+00 9.897e-02
1.785e+00 9.900e-02
1.787e+00 9.902e-02
1.789e+00 9.903e-02
1.791e+00 9.903e-02
1.793e+00 9.902e-02
1.795e+00 9.900e-02
1.797e+00 9.898e-02
1.799e+00 9.896e-02
1.801e+00 9.893e-02
1.803e+00 9.889e-02
1.805e+00 9.882e-02
1.807e+00 9.874e-02
1.809e+00 9.865e-02
1.811e+00 9.855e-02
1.813e+00 9.843e-02
1.815e+00 9.827e-02
1.817e+00 9.808e-02
1.819e+00 9.788e-02
1.821e+00 9.769e-02
1.823e+00 9.751e-02
1.825e+00 9.734e-02
1.827e+00 9.715e-02
1.829e+00 9.697e-02
1.831e+00 9.669e-02
1.833e+00 9.652e-02
1.835e+00 9.635e-02
1.837e+00 9.613e-02
1.839e+00 9.586e-02
1.841e+00 9.555e-02
1.843e+00 9.521e-02
1.845e+00 9.487e-02
1.847e+00 9.451e-02
1.849e+00 9.412e-02
1.851e+00 9.371e-02
1.853e+00 9.326e-02
1.855e+00 9.274e-02
1.857e+00 9.210e-02
1.859e+00 9.140e-02
1.861e+00 9.068e-02
1.863e+00 8.994e-02
1.865e+00 8.915e-02
1.867e+00 8.831e-02
1.869e+00 8.746e-02
1.871e+00 8.658e-02
1.873e+00 8.564e-02
1.875e+00 8.464e-02
1.877e+00 8.362e-02
1.879e+00 8.256e-02
1.881e+00 8.147e-02
1.883e+00 8.033e-02
1.885e+00 7.916e-02
1.887e+00 7.800e-02
1.889e+00 7.686e-02
1.891e+00 7.577e-02
1.893e+00 7.471e-02
1.895e+00 7.372e-02
1.897e+00 7.281e-02
1.899e+00 7.198e-02
1.902e+00 7.120e-02
1.904e+00 7.048e-02
1.906e+00 6.983e-02
1.908e+00 6.926e-02
1.910e+00 6.873e-02
1.912e+00 6.824e-02
1.914e+00 6.782e-02
1.916e+00 6.746e-02
1.918e+00 6.714e-02
1.920e+00 6.686e-02
1.922e+00 6.661e-02
1.924e+00 6.639e-02
1.926e+00 6.622e-02
1.928e+00 6.609e-02
1.930e+00 6.599e-02
1.932e+00 6.592e-02
1.934e+00 6.588e-02
1.936e+00 6.589e-02
1.938e+00 6.595e-02
1.940e+00 6.603e-02
1.942e+00 6.610e-02
1.944e+00 6.617e-02
1.946e+00 6.622e-02
1.948e+00 6.626e-02
1.950e+00 6.628e-02
1.952e+00 6.630e-02
1.954e+00 6.638e-02
1.956e+00 6.649e-02
1.958e+00 6.658e-02
1.960e+00 6.670e-02
1.962e+00 6.679e-02
1.964e+00 6.692e-02
1.966e+00 6.701e-02
1.968e+00 6.706e-02
1.970e+00 6.710e-02
1.972e+00 6.715e-02
1.974e+00 6.726e-02
1.976e+00 6.736e-02
1.978e+00 6.747e-02
1.980e+00 6.759e-02
1.982e+00 6.771e-02
1.984e+00 6.783e-02
1.986e+00 6.795e-02
1.988e+00 6.808e-02
1.990e+00 6.823e-02
1.992e+00 6.839e-02
1.994e+00 6.851e-02
1.996e+00 6.859e-02
1.998e+00 6.866e-02
2.000e+00 6.875e-02
2.002e+00 6.882e-02
2.004e+00 6.890e-02
2.006e+00 6.898e-02
2.008e+00 6.902e-02
2.010e+00 6.909e-02
2.012e+00 6.918e-02
2.014e+00 6.926e-02
2.016e+00 6.931e-02
2.018e+00 6.938e-02
2.020e+00 6.943e-02
2.022e+00 6.944e-02
2.024e+00 6.942e-02
2.026e+00 6.941e-02
2.028e+00 6.943e-02
2.030e+00 6.947e-02
2.032e+00 6.951e-02
2.034e+00 6.953e-02
2.036e+00 6.953e-02
2.038e+00 6.952e-02
2.040e+00 6.947e-02
2.042e+00 6.943e-02
2.044e+00 6.939e-02
2.046e+00 6.936e-02
2.048e+00 6.934e-02
2.050e+00 6.933e-02
2.052e+00 6.933e-02
2.054e+00 6.931e-02
2.056e+00 6.932e-02
2.058e+00 6.933e-02
2.060e+00 6.934e-02
2.062e+00 6.936e-02
2.064e+00 6.938e-02
2.066e+00 6.943e-02
2.068e+00 6.948e-02
2.070e+00 6.953e-02
2.072e+00 6.958e-02
2.074e+00 6.966e-02
2.076e+00 6.972e-02
2.078e+00 6.978e-02
2.080e+00 6.986e-02
2.082e+00 6.997e-02
2.084e+00 7.004e-02
2.086e+00 7.014e-02
2.088e+00 7.028e-02
2.090e+00 7.044e-02
2.092e+00 7.063e-02
2.094e+00 7.077e-02
2.096e+00 7.093e-02
2.098e+00 7.109e-02
2.100e+00 7.129e-02
2.102e+00 7.148e-02
2.104e+00 7.162e-02
2.106e+00 7.176e-02
2.108e+00 7.188e-02
2.110e+00 7.198e-02
2.112e+00 7.207e-02
2.114e+00 7.223e-02
2.116e+00 7.243e-02
2.118e+00 7.262e-02
2.120e+00 7.283e-02
2.122e+00 7.304e-02
2.124e+00 7.324e-02
2.126e+00 7.345e-02
2.128e+00 7.363e-02
2.130e+00 7.378e-02
2.132e+00 7.391e-02
2.134e+00 7.405e-02
2.136e+00 7.420e-02
2.138e+00 7.433e-02
2.140e+00 7.447e-02
2.142e+00 7.456e-02
2.144e+00 7.470e-02
2.146e+00 7.486e-02
2.148e+00 7.502e-02
2.150e+00 7.520e-02
2.152e+00 7.534e-02
2.154e+00 7.545e-02
2.156e+00 7.560e-02
2.158e+00 7.573e-02
2.160e+00 7.583e-02
2.162e+00 7.594e-02
2.164e+00 7.606e-02
2.166e+00 7.619e-02
2.168e+00 7.634e-02
2.170e+00 7.649e-02
2.172e+00 7.662e-02
2.174e+00 7.676e-02
2.176e+00 7.688e-02
2.178e+00 7.695e-02
2.180e+00 7.702e-02
2.182e+00 7.710e-02
2.184e+00 7.716e-02
2.186e+00 7.726e-02
2.188e+00 7.742e-02
2.190e+00 7.760e-02
2.192e+00 7.776e-02
2.194e+00 7.791e-02
2.196e+00 7.801e-02
2.198e+00 7.804e-02
2.200e+00 7.805e-02
2.202e+00 7.805e-02
2.204e+00 7.803e-02
2.206e+00 7.805e-02
2.208e+00 7.812e-02
2.210e+00 7.827e-02
2.212e+00 7.843e-02
2.214e+00 7.858e-02
2.216e+00 7.867e-02
2.218e+00 7.873e-02
2.220e+00 7.876e-02
2.222e+00 7.876e-02
2.224e+00 7.871e-02
2.226e+00 7.865e-02
2.228e+00 7.860e-02
2.230e+00 7.852e-02
2.232e+00 7.843e-02
2.234e+00 7.830e-02
2.236e+00 7.817e-02
2.238e+00 7.797e-02
2.240e+00 7.775e-02
2.242e+00 7.752e-02
2.244e+00 7.730e-02
2.246e+00 7.704e-02
2.248e+00 7.677e-02
2.250e+00 7.653e-02
2.252e+00 7.629e-02
2.254e+00 7.604e-02
2.256e+00 7.576e-02
2.258e+00 7.548e-02
2.260e+00 7.518e-02
2.262e+00 7.490e-02
2.264e+00 7.460e-02
2.266e+00 7.435e-02
2.268e+00 7.411e-02
2.270e+00 7.389e-02
2.272e+00 7.368e-02
2.274e+00 7.351e-02
2.276e+00 7.336e-02
2.278e+00 7.322e-02
2.280e+00 7.308e-02
2.282e+00 7.295e-02
2.284e+00 7.287e-02
2.286e+00 7.278e-02
2.288e+00 7.268e-02
2.290e+00 7.256e-02
2.292e+00 7.243e-02
2.294e+00 7.226e-02
2.296e+00 7.202e-02
2.298e+00 7.176e-02
2.300e+00 7.151e-02
2.302e+00 7.123e-02
2.304e+00 7.094e-02
2.306e+00 7.070e-02
2.308e+00 7.049e-02
2.310e+00 7.032e-02
2.312e+00 7.015e-02
2.314e+00 7.005e-02
2.316e+00 6.996e-02
2.318e+00 6.992e-02
2.320e+00 6.989e-02
2.322e+00 6.985e-02
2.324e+00 6.977e-02
2.326e+00 6.967e-02
2.328e+00 6.956e-02
2.330e+00 6.944e-02
2.332e+00 6.929e-02
2.334e+00 6.913e-02
2.336e+00 6.895e-02
2.338e+00 6.879e-02
2.340e+00 6.860e-02
2.342e+00 6.841e-02
2.344e+00 6.822e-02
2.346e+00 6.802e-02
2.348e+00 6.781e-02
2.350e+00 6.763e-02
2.352e+00 6.746e-02
2.354e+00 6.733e-02
2.356e+00 6.728e-02
2.358e+00 6.728e-02
2.360e+00 6.730e-02
2.362e+00 6.732e-02
2.364e+00 6.729e-02
2.366e+00 6.724e-02
2.368e+00 6.715e-02
2.370e+00 6.696e-02
2.372e+00 6.677e-02
2.374e+00 6.665e-02
2.376e+00 6.653e-02
2.378e+00 6.638e-02
2.380e+00 6.618e-02
2.382e+00 6.598e-02
2.384e+00 6.574e-02
2.386e+00 6.557e-02
2.388e+00 6.541e-02
2.390e+00 6.530e-02
2.392e+00 6.521e-02
2.394e+00 6.512e-02
2.396e+00 6.502e-02
2.398e+00 6.487e-02
2.400e+00 6.470e-02
