3.500e-01 5.223e-02
3.510e-01 5.224e-02
3.520e-01 5.191e-02
3.530e-01 5.155e-02
3.540e-01 5.114e-02
3.550e-01 5.066e-02
3.560e-01 5.014e-02
3.570e-01 4.966e-02
3.580e-01 4.924e-02
3.590e-01 4.891e-02
3.600e-01 4.866e-02
3.610e-01 4.848e-02
3.620e-01 4.835e-02
3.630e-01 4.821e-02
3.640e-01 4.804e-02
3.650e-01 4.781e-02
3.660e-01 4.753e-02
3.670e-01 4.721e-02
3.680e-01 4.690e-02
3.690e-01 4.664e-02
3.700e-01 4.649e-02
3.710e-01 4.640e-02
3.720e-01 4.632e-02
3.730e-01 4.622e-02
3.740e-01 4.610e-02
3.750e-01 4.594e-02
3.760e-01 4.576e-02
3.770e-01 4.560e-02
3.780e-01 4.549e-02
3.790e-01 4.546e-02
3.800e-01 4.546e-02
3.810e-01 4.542e-02
3.820e-01 4.529e-02
3.830e-01 4.513e-02
3.840e-01 4.499e-02
3.850e-01 4.493e-02
3.860e-01 4.492e-02
3.870e-01 4.491e-02
3.880e-01 4.485e-02
3.890e-01 4.475e-02
3.900e-01 4.466e-02
3.910e-01 4.458e-02
3.920e-01 4.451e-02
3.930e-01 4.446e-02
3.940e-01 4.442e-02
3.950e-01 4.438e-02
3.960e-01 4.435e-02
3.970e-01 4.431e-02
3.980e-01 4.428e-02
3.990e-01 4.425e-02
4.000e-01 4.422e-02
4.010e-01 4.418e-02
4.020e-01 4.413e-02
4.030e-01 4.407e-02
4.040e-01 4.403e-02
4.050e-01 4.406e-02
4.060e-01 4.417e-02
4.070e-01 4.433e-02
4.080e-01 4.447e-02
4.090e-01 4.456e-02
4.100e-01 4.462e-02
4.110e-01 4.472e-02
4.120e-01 4.488e-02
4.130e-01 4.510e-02
4.140e-01 4.533e-02
4.150e-01 4.557e-02
4.160e-01 4.582e-02
4.170e-01 4.608e-02
4.180e-01 4.638e-02
4.190e-01 4.671e-02
4.200e-01 4.706e-02
4.210e-01 4.743e-02
4.220e-01 4.782e-02
4.230e-01 4.823e-02
4.240e-01 4.866e-02
4.250e-01 4.910e-02
4.260e-01 4.954e-02
4.270e-01 4.995e-02
4.280e-01 5.035e-02
4.290e-01 5.075e-02
4.300e-01 5.115e-02
4.310e-01 5.154e-02
4.320e-01 5.193e-02
4.330e-01 5.229e-02
4.340e-01 5.264e-02
4.350e-01 5.298e-02
4.360e-01 5.330e-02
4.370e-01 5.361e-02
4.380e-01 5.390e-02
4.390e-01 5.418e-02
4.400e-01 5.445e-02
4.410e-01 5.469e-02
4.420e-01 5.492e-02
4.430e-01 5.513e-02
4.440e-01 5.535e-02
4.450e-01 5.559e-02
4.460e-01 5.583e-02
4.470e-01 5.606e-02
4.480e-01 5.629e-02
4.490e-01 5.651e-02
4.500e-01 5.672e-02
4.510e-01 5.692e-02
4.520e-01 5.711e-02
4.530e-01 5.730e-02
4.540e-01 5.749e-02
4.550e-01 5.766e-02
4.560e-01 5.780e-02
4.570e-01 5.793e-02
4.580e-01 5.803e-02
4.590e-01 5.812e-02
4.600e-01 5.821e-02
4.610e-01 5.828e-02
4.620e-01 5.832e-02
4.630e-01 5.833e-02
4.640e-01 5.833e-02
4.650e-01 5.832e-02
4.660e-01 5.834e-02
4.670e-01 5.836e-02
4.680e-01 5.837e-02
4.690e-01 5.837e-02
4.700e-01 5.836e-02
4.710e-01 5.833e-02
4.720e-01 5.831e-02
4.730e-01 5.829e-02
4.740e-01 5.828e-02
4.750e-01 5.830e-02
4.760e-01 5.832e-02
4.770e-01 5.833e-02
4.780e-01 5.831e-02
4.790e-01 5.828e-02
4.800e-01 5.826e-02
4.810e-01 5.827e-02
4.820e-01 5.830e-02
4.830e-01 5.833e-02
4.840e-01 5.836e-02
4.850e-01 5.838e-02
4.860e-01 5.838e-02
4.870e-01 5.839e-02
4.880e-01 5.840e-02
4.890e-01 5.845e-02
4.900e-01 5.853e-02
4.910e-01 5.865e-02
4.920e-01 5.879e-02
4.930e-01 5.895e-02
4.940e-01 5.913e-02
4.950e-01 5.934e-02
4.960e-01 5.960e-02
4.970e-01 5.989e-02
4.980e-01 6.023e-02
4.990e-01 6.059e-02
5.000e-01 6.100e-02
5.010e-01 6.147e-02
5.020e-01 6.200e-02
5.030e-01 6.260e-02
5.040e-01 6.326e-02
5.050e-01 6.398e-02
5.060e-01 6.477e-02
5.070e-01 6.563e-02
5.080e-01 6.658e-02
5.090e-01 6.763e-02
5.100e-01 6.877e-02
5.110e-01 7.001e-02
5.120e-01 7.135e-02
5.130e-01 7.279e-02
5.140e-01 7.432e-02
5.150e-01 7.595e-02
5.160e-01 7.766e-02
5.170e-01 7.946e-02
5.180e-01 8.134e-02
5.190e-01 8.330e-02
5.200e-01 8.533e-02
5.210e-01 8.740e-02
5.220e-01 8.949e-02
5.230e-01 9.159e-02
5.240e-01 9.367e-02
5.250e-01 9.571e-02
5.260e-01 9.769e-02
5.270e-01 9.959e-02
5.280e-01 1.014e-01
5.290e-01 1.031e-01
5.300e-01 1.047e-01
5.310e-01 1.062e-01
5.320e-01 1.075e-01
5.330e-01 1.087e-01
5.340e-01 1.098e-01
5.350e-01 1.108e-01
5.360e-01 1.117e-01
5.370e-01 1.125e-01
5.380e-01 1.133e-01
5.390e-01 1.140e-01
5.400e-01 1.146e-01
5.410e-01 1.151e-01
5.420e-01 1.157e-01
5.430e-01 1.162e-01
5.440e-01 1.167e-01
5.450e-01 1.172e-01
5.460e-01 1.177e-01
5.470e-01 1.182e-01
5.480e-01 1.187e-01
5.490e-01 1.192e-01
5.500e-01 1.197e-01
5.510e-01 1.201e-01
5.520e-01 1.205e-01
5.530e-01 1.209e-01
5.540e-01 1.211e-01
5.550e-01 1.213e-01
5.560e-01 1.213e-01
5.570e-01 1.213e-01
5.580e-01 1.210e-01
5.590e-01 1.207e-01
5.600e-01 1.203e-01
5.610e-01 1.197e-01
5.620e-01 1.190e-01
5.630e-01 1.182e-01
5.640e-01 1.172e-01
5.650e-01 1.162e-01
5.660e-01 1.151e-01
5.670e-01 1.139e-01
5.680e-01 1.126e-01
5.690e-01 1.113e-01
5.700e-01 1.098e-01
5.710e-01 1.084e-01
5.720e-01 1.069e-01
5.730e-01 1.055e-01
5.740e-01 1.041e-01
5.750e-01 1.027e-01
5.760e-01 1.014e-01
5.770e-01 1.001e-01
5.780e-01 9.892e-02
5.790e-01 9.781e-02
5.800e-01 9.677e-02
5.810e-01 9.579e-02
5.820e-01 9.488e-02
5.830e-01 9.403e-02
5.840e-01 9.323e-02
5.850e-01 9.247e-02
5.860e-01 9.175e-02
5.870e-01 9.108e-02
5.880e-01 9.045e-02
5.890e-01 8.987e-02
5.900e-01 8.933e-02
5.910e-01 8.881e-02
5.920e-01 8.832e-02
5.930e-01 8.786e-02
5.940e-01 8.743e-02
5.950e-01 8.703e-02
5.960e-01 8.665e-02
5.970e-01 8.630e-02
5.980e-01 8.597e-02
5.990e-01 8.566e-02
6.000e-01 8.534e-02
6.010e-01 8.502e-02
6.020e-01 8.467e-02
6.030e-01 8.430e-02
6.040e-01 8.389e-02
6.050e-01 8.345e-02
6.060e-01 8.297e-02
6.070e-01 8.246e-02
6.080e-01 8.193e-02
6.090e-01 8.136e-02
6.100e-01 8.075e-02
6.110e-01 8.012e-02
6.120e-01 7.947e-02
6.130e-01 7.882e-02
6.140e-01 7.817e-02
6.150e-01 7.754e-02
6.160e-01 7.691e-02
6.170e-01 7.631e-02
6.180e-01 7.574e-02
6.190e-01 7.520e-02
6.200e-01 7.470e-02
6.210e-01 7.425e-02
6.220e-01 7.386e-02
6.230e-01 7.352e-02
6.240e-01 7.323e-02
6.250e-01 7.296e-02
6.260e-01 7.273e-02
6.270e-01 7.254e-02
6.280e-01 7.238e-02
6.290e-01 7.225e-02
6.300e-01 7.214e-02
6.310e-01 7.205e-02
6.320e-01 7.195e-02
6.330e-01 7.182e-02
6.340e-01 7.167e-02
6.350e-01 7.146e-02
6.360e-01 7.120e-02
6.370e-01 7.087e-02
6.380e-01 7.048e-02
6.390e-01 7.000e-02
6.400e-01 6.944e-02
6.410e-01 6.880e-02
6.420e-01 6.811e-02
6.430e-01 6.738e-02
6.440e-01 6.662e-02
6.450e-01 6.585e-02
6.460e-01 6.506e-02
6.470e-01 6.429e-02
6.480e-01 6.354e-02
6.490e-01 6.282e-02
6.500e-01 6.216e-02
6.510e-01 6.154e-02
6.520e-01 6.097e-02
6.530e-01 6.044e-02
6.540e-01 5.994e-02
6.550e-01 5.944e-02
6.560e-01 5.895e-02
6.570e-01 5.843e-02
6.580e-01 5.788e-02
6.590e-01 5.731e-02
6.600e-01 5.670e-02
6.610e-01 5.605e-02
6.620e-01 5.539e-02
6.630e-01 5.473e-02
6.640e-01 5.407e-02
6.650e-01 5.343e-02
6.660e-01 5.284e-02
6.670e-01 5.231e-02
6.680e-01 5.183e-02
6.690e-01 5.142e-02
6.700e-01 5.106e-02
6.710e-01 5.077e-02
6.720e-01 5.053e-02
6.730e-01 5.035e-02
6.740e-01 5.022e-02
6.750e-01 5.014e-02
6.760e-01 5.010e-02
6.770e-01 5.010e-02
6.780e-01 5.016e-02
6.790e-01 5.028e-02
6.800e-01 5.047e-02
6.810e-01 5.073e-02
6.820e-01 5.109e-02
6.830e-01 5.156e-02
6.840e-01 5.217e-02
6.850e-01 5.296e-02
6.860e-01 5.396e-02
6.870e-01 5.520e-02
6.880e-01 5.673e-02
6.890e-01 5.860e-02
6.900e-01 6.085e-02
6.910e-01 6.352e-02
6.920e-01 6.664e-02
6.930e-01 7.024e-02
6.940e-01 7.433e-02
6.950e-01 7.892e-02
6.960e-01 8.400e-02
6.970e-01 8.958e-02
6.980e-01 9.564e-02
6.990e-01 1.021e-01
7.000e-01 1.090e-01
7.010e-01 1.163e-01
7.020e-01 1.240e-01
7.030e-01 1.319e-01
7.040e-01 1.402e-01
7.050e-01 1.487e-01
7.060e-01 1.574e-01
7.070e-01 1.663e-01
7.080e-01 1.754e-01
7.090e-01 1.846e-01
7.100e-01 1.941e-01
7.110e-01 2.037e-01
7.120e-01 2.135e-01
7.130e-01 2.235e-01
7.140e-01 2.337e-01
7.150e-01 2.440e-01
7.160e-01 2.545e-01
7.170e-01 2.652e-01
7.180e-01 2.760e-01
7.190e-01 2.870e-01
7.200e-01 2.981e-01
7.210e-01 3.093e-01
7.220e-01 3.207e-01
7.230e-01 3.321e-01
7.240e-01 3.436e-01
7.250e-01 3.551e-01
7.260e-01 3.665e-01
7.270e-01 3.779e-01
7.280e-01 3.892e-01
7.290e-01 4.003e-01
7.300e-01 4.112e-01
7.310e-01 4.219e-01
7.320e-01 4.324e-01
7.330e-01 4.426e-01
7.340e-01 4.525e-01
7.350e-01 4.622e-01
7.360e-01 4.715e-01
7.370e-01 4.805e-01
7.380e-01 4.892e-01
7.390e-01 4.975e-01
7.400e-01 5.056e-01
7.410e-01 5.133e-01
7.420e-01 5.206e-01
7.430e-01 5.277e-01
7.440e-01 5.343e-01
7.450e-01 5.406e-01
7.460e-01 5.466e-01
7.470e-01 5.522e-01
7.480e-01 5.575e-01
7.490e-01 5.625e-01
7.500e-01 5.672e-01
7.510e-01 5.715e-01
7.520e-01 5.756e-01
7.530e-01 5.793e-01
7.540e-01 5.828e-01
7.550e-01 5.860e-01
7.560e-01 5.889e-01
7.570e-01 5.916e-01
7.580e-01 5.941e-01
7.590e-01 5.964e-01
7.600e-01 5.985e-01
7.610e-01 6.005e-01
7.620e-01 6.023e-01
7.630e-01 6.040e-01
7.640e-01 6.055e-01
7.650e-01 6.068e-01
7.660e-01 6.081e-01
7.670e-01 6.092e-01
7.680e-01 6.102e-01
7.690e-01 6.112e-01
7.700e-01 6.121e-01
7.710e-01 6.130e-01
7.720e-01 6.137e-01
7.730e-01 6.144e-01
7.740e-01 6.151e-01
7.750e-01 6.157e-01
7.760e-01 6.164e-01
7.770e-01 6.169e-01
7.780e-01 6.175e-01
7.790e-01 6.180e-01
7.800e-01 6.184e-01
7.810e-01 6.188e-01
7.820e-01 6.192e-01
7.830e-01 6.196e-01
7.840e-01 6.199e-01
7.850e-01 6.203e-01
7.860e-01 6.207e-01
7.870e-01 6.210e-01
7.880e-01 6.214e-01
7.890e-01 6.217e-01
7.900e-01 6.220e-01
7.910e-01 6.223e-01
7.920e-01 6.226e-01
7.930e-01 6.229e-01
7.940e-01 6.232e-01
7.950e-01 6.234e-01
7.960e-01 6.237e-01
7.970e-01 6.240e-01
7.980e-01 6.242e-01
7.990e-01 6.245e-01
8.000e-01 6.247e-01
8.010e-01 6.249e-01
8.020e-01 6.252e-01
8.030e-01 6.254e-01
8.040e-01 6.256e-01
8.050e-01 6.258e-01
8.060e-01 6.260e-01
8.070e-01 6.262e-01
8.080e-01 6.264e-01
8.090e-01 6.266e-01
8.100e-01 6.268e-01
8.110e-01 6.270e-01
8.120e-01 6.272e-01
8.130e-01 6.274e-01
8.140e-01 6.276e-01
8.150e-01 6.278e-01
8.160e-01 6.280e-01
8.170e-01 6.282e-01
8.180e-01 6.284e-01
8.190e-01 6.287e-01
8.200e-01 6.289e-01
8.210e-01 6.291e-01
8.220e-01 6.294e-01
8.230e-01 6.296e-01
8.240e-01 6.298e-01
8.250e-01 6.301e-01
8.260e-01 6.303e-01
8.270e-01 6.306e-01
8.280e-01 6.308e-01
8.290e-01 6.310e-01
8.300e-01 6.312e-01
8.310e-01 6.314e-01
8.320e-01 6.315e-01
8.330e-01 6.317e-01
8.340e-01 6.319e-01
8.350e-01 6.321e-01
8.360e-01 6.323e-01
8.370e-01 6.326e-01
8.380e-01 6.329e-01
8.390e-01 6.333e-01
8.400e-01 6.336e-01
8.410e-01 6.340e-01
8.420e-01 6.343e-01
8.430e-01 6.347e-01
8.440e-01 6.351e-01
8.450e-01 6.355e-01
8.460e-01 6.359e-01
8.470e-01 6.363e-01
8.480e-01 6.367e-01
8.490e-01 6.371e-01
8.500e-01 6.375e-01
8.510e-01 6.379e-01
8.520e-01 6.383e-01
8.530e-01 6.387e-01
8.540e-01 6.391e-01
8.550e-01 6.394e-01
8.560e-01 6.398e-01
8.570e-01 6.401e-01
8.580e-01 6.405e-01
8.590e-01 6.409e-01
8.600e-01 6.412e-01
8.610e-01 6.415e-01
8.620e-01 6.419e-01
8.630e-01 6.422e-01
8.640e-01 6.425e-01
8.650e-01 6.428e-01
8.660e-01 6.431e-01
8.670e-01 6.433e-01
8.680e-01 6.436e-01
8.690e-01 6.438e-01
8.700e-01 6.441e-01
8.710e-01 6.444e-01
8.720e-01 6.447e-01
8.730e-01 6.450e-01
8.740e-01 6.452e-01
8.750e-01 6.455e-01
8.760e-01 6.458e-01
8.770e-01 6.460e-01
8.780e-01 6.463e-01
8.790e-01 6.465e-01
8.800e-01 6.468e-01
8.810e-01 6.470e-01
8.820e-01 6.473e-01
8.830e-01 6.475e-01
8.840e-01 6.477e-01
8.850e-01 6.478e-01
8.860e-01 6.480e-01
8.870e-01 6.481e-01
8.880e-01 6.483e-01
8.890e-01 6.484e-01
8.900e-01 6.485e-01
8.910e-01 6.486e-01
8.920e-01 6.487e-01
8.930e-01 6.488e-01
8.940e-01 6.488e-01
8.950e-01 6.488e-01
8.960e-01 6.489e-01
8.970e-01 6.489e-01
8.980e-01 6.490e-01
8.990e-01 6.490e-01
9.000e-01 6.490e-01
9.010e-01 6.490e-01
9.020e-01 6.490e-01
9.030e-01 6.490e-01
9.040e-01 6.490e-01
9.050e-01 6.490e-01
9.060e-01 6.490e-01
9.070e-01 6.490e-01
9.080e-01 6.489e-01
9.090e-01 6.489e-01
9.100e-01 6.488e-01
9.110e-01 6.488e-01
9.120e-01 6.488e-01
9.130e-01 6.487e-01
9.140e-01 6.486e-01
9.150e-01 6.486e-01
9.160e-01 6.485e-01
9.170e-01 6.484e-01
9.180e-01 6.483e-01
9.190e-01 6.482e-01
9.200e-01 6.481e-01
9.210e-01 6.479e-01
9.220e-01 6.478e-01
9.230e-01 6.476e-01
9.240e-01 6.473e-01
9.250e-01 6.470e-01
9.260e-01 6.467e-01
9.270e-01 6.463e-01
9.280e-01 6.459e-01
9.290e-01 6.455e-01
9.300e-01 6.450e-01
9.310e-01 6.444e-01
9.320e-01 6.438e-01
9.330e-01 6.432e-01
9.340e-01 6.425e-01
9.350e-01 6.418e-01
9.360e-01 6.410e-01
9.370e-01 6.402e-01
9.380e-01 6.394e-01
9.390e-01 6.385e-01
9.400e-01 6.377e-01
9.410e-01 6.368e-01
9.420e-01 6.358e-01
9.430e-01 6.348e-01
9.440e-01 6.337e-01
9.450e-01 6.326e-01
9.460e-01 6.314e-01
9.470e-01 6.301e-01
9.480e-01 6.287e-01
9.490e-01 6.273e-01
9.500e-01 6.258e-01
9.510e-01 6.242e-01
9.520e-01 6.224e-01
9.530e-01 6.205e-01
9.540e-01 6.184e-01
9.550e-01 6.162e-01
9.560e-01 6.137e-01
9.570e-01 6.113e-01
9.580e-01 6.087e-01
9.590e-01 6.062e-01
9.600e-01 6.037e-01
9.610e-01 6.012e-01
9.620e-01 5.988e-01
9.630e-01 5.966e-01
9.640e-01 5.945e-01
9.650e-01 5.926e-01
9.660e-01 5.910e-01
9.670e-01 5.896e-01
9.680e-01 5.883e-01
9.690e-01 5.872e-01
9.700e-01 5.862e-01
9.710e-01 5.852e-01
9.720e-01 5.844e-01
9.730e-01 5.837e-01
9.740e-01 5.831e-01
9.750e-01 5.825e-01
9.760e-01 5.820e-01
9.770e-01 5.815e-01
9.780e-01 5.810e-01
9.790e-01 5.806e-01
9.800e-01 5.803e-01
9.810e-01 5.800e-01
9.820e-01 5.799e-01
9.830e-01 5.798e-01
9.840e-01 5.798e-01
9.850e-01 5.799e-01
9.860e-01 5.800e-01
9.870e-01 5.802e-01
9.880e-01 5.804e-01
9.890e-01 5.806e-01
9.900e-01 5.810e-01
9.910e-01 5.814e-01
9.920e-01 5.818e-01
9.930e-01 5.823e-01
9.940e-01 5.829e-01
9.950e-01 5.835e-01
9.960e-01 5.842e-01
9.970e-01 5.849e-01
9.980e-01 5.856e-01
9.990e-01 5.864e-01
1.000e+00 5.871e-01
1.001e+00 5.879e-01
1.002e+00 5.887e-01
1.003e+00 5.897e-01
1.004e+00 5.908e-01
1.005e+00 5.919e-01
1.006e+00 5.931e-01
1.007e+00 5.942e-01
1.008e+00 5.955e-01
1.009e+00 5.967e-01
1.010e+00 5.979e-01
1.011e+00 5.990e-01
1.012e+00 5.998e-01
1.013e+00 6.004e-01
1.014e+00 6.010e-01
1.015e+00 6.017e-01
1.016e+00 6.025e-01
1.017e+00 6.034e-01
1.018e+00 6.045e-01
1.019e+00 6.058e-01
1.020e+00 6.070e-01
1.021e+00 6.083e-01
1.022e+00 6.094e-01
1.023e+00 6.105e-01
1.024e+00 6.116e-01
1.025e+00 6.128e-01
1.026e+00 6.139e-01
1.027e+00 6.151e-01
1.028e+00 6.163e-01
1.029e+00 6.175e-01
1.030e+00 6.186e-01
1.031e+00 6.197e-01
1.032e+00 6.207e-01
1.033e+00 6.217e-01
1.034e+00 6.227e-01
1.035e+00 6.237e-01
1.036e+00 6.247e-01
1.037e+00 6.257e-01
1.038e+00 6.267e-01
1.039e+00 6.276e-01
1.040e+00 6.285e-01
1.041e+00 6.294e-01
1.042e+00 6.303e-01
1.043e+00 6.313e-01
1.044e+00 6.322e-01
1.045e+00 6.332e-01
1.046e+00 6.342e-01
1.047e+00 6.350e-01
1.048e+00 6.359e-01
1.049e+00 6.366e-01
1.050e+00 6.373e-01
1.051e+00 6.379e-01
1.052e+00 6.386e-01
1.053e+00 6.393e-01
1.054e+00 6.399e-01
1.055e+00 6.407e-01
1.056e+00 6.414e-01
1.057e+00 6.421e-01
1.058e+00 6.427e-01
1.059e+00 6.433e-01
1.060e+00 6.438e-01
1.061e+00 6.443e-01
1.062e+00 6.447e-01
1.063e+00 6.451e-01
1.064e+00 6.455e-01
1.065e+00 6.460e-01
1.066e+00 6.465e-01
1.067e+00 6.469e-01
1.068e+00 6.474e-01
1.069e+00 6.477e-01
1.070e+00 6.480e-01
1.071e+00 6.483e-01
1.072e+00 6.485e-01
1.073e+00 6.487e-01
1.074e+00 6.489e-01
1.075e+00 6.491e-01
1.076e+00 6.493e-01
1.077e+00 6.494e-01
1.078e+00 6.495e-01
1.079e+00 6.495e-01
1.080e+00 6.494e-01
1.081e+00 6.494e-01
1.082e+00 6.493e-01
1.083e+00 6.493e-01
1.084e+00 6.492e-01
1.085e+00 6.491e-01
1.086e+00 6.490e-01
1.087e+00 6.488e-01
1.088e+00 6.486e-01
1.089e+00 6.483e-01
1.090e+00 6.480e-01
1.091e+00 6.476e-01
1.092e+00 6.472e-01
1.093e+00 6.469e-01
1.094e+00 6.465e-01
1.095e+00 6.461e-01
1.096e+00 6.457e-01
1.097e+00 6.453e-01
1.098e+00 6.448e-01
1.099e+00 6.443e-01
1.100e+00 6.437e-01
1.101e+00 6.430e-01
1.102e+00 6.423e-01
1.103e+00 6.416e-01
1.104e+00 6.408e-01
1.105e+00 6.399e-01
1.106e+00 6.391e-01
1.107e+00 6.383e-01
1.108e+00 6.375e-01
1.109e+00 6.368e-01
1.110e+00 6.361e-01
1.111e+00 6.353e-01
1.112e+00 6.344e-01
1.113e+00 6.333e-01
1.114e+00 6.322e-01
1.115e+00 6.309e-01
1.116e+00 6.295e-01
1.117e+00 6.280e-01
1.118e+00 6.265e-01
1.119e+00 6.249e-01
1.120e+00 6.232e-01
1.121e+00 6.214e-01
1.122e+00 6.195e-01
1.123e+00 6.174e-01
1.124e+00 6.153e-01
1.125e+00 6.130e-01
1.126e+00 6.105e-01
1.127e+00 6.079e-01
1.128e+00 6.051e-01
1.129e+00 6.020e-01
1.130e+00 5.986e-01
1.131e+00 5.950e-01
1.132e+00 5.912e-01
1.133e+00 5.872e-01
1.134e+00 5.831e-01
1.135e+00 5.788e-01
1.136e+00 5.743e-01
1.137e+00 5.698e-01
1.138e+00 5.650e-01
1.139e+00 5.602e-01
1.140e+00 5.552e-01
1.141e+00 5.502e-01
1.142e+00 5.452e-01
1.143e+00 5.402e-01
1.144e+00 5.352e-01
1.145e+00 5.303e-01
1.146e+00 5.254e-01
1.147e+00 5.206e-01
1.148e+00 5.159e-01
1.149e+00 5.113e-01
1.150e+00 5.070e-01
1.151e+00 5.029e-01
1.152e+00 4.992e-01
1.153e+00 4.956e-01
1.154e+00 4.924e-01
1.155e+00 4.894e-01
1.156e+00 4.865e-01
1.157e+00 4.839e-01
1.158e+00 4.815e-01
1.159e+00 4.793e-01
1.160e+00 4.773e-01
1.161e+00 4.755e-01
1.162e+00 4.738e-01
1.163e+00 4.722e-01
1.164e+00 4.708e-01
1.165e+00 4.694e-01
1.166e+00 4.682e-01
1.167e+00 4.670e-01
1.168e+00 4.660e-01
1.169e+00 4.650e-01
1.170e+00 4.642e-01
1.171e+00 4.634e-01
1.172e+00 4.626e-01
1.173e+00 4.619e-01
1.174e+00 4.612e-01
1.175e+00 4.604e-01
1.176e+00 4.596e-01
1.177e+00 4.588e-01
1.178e+00 4.579e-01
1.179e+00 4.570e-01
1.180e+00 4.562e-01
1.181e+00 4.552e-01
1.182e+00 4.543e-01
1.183e+00 4.534e-01
1.184e+00 4.525e-01
1.185e+00 4.516e-01
1.186e+00 4.508e-01
1.187e+00 4.500e-01
1.188e+00 4.493e-01
1.189e+00 4.487e-01
1.190e+00 4.481e-01
1.191e+00 4.475e-01
1.192e+00 4.470e-01
1.193e+00 4.465e-01
1.194e+00 4.460e-01
1.195e+00 4.456e-01
1.196e+00 4.452e-01
1.197e+00 4.449e-01
1.198e+00 4.447e-01
1.199e+00 4.445e-01
1.200e+00 4.444e-01
1.201e+00 4.443e-01
1.202e+00 4.443e-01
1.203e+00 4.443e-01
1.204e+00 4.444e-01
1.205e+00 4.446e-01
1.206e+00 4.448e-01
1.207e+00 4.451e-01
1.208e+00 4.455e-01
1.209e+00 4.459e-01
1.210e+00 4.464e-01
1.211e+00 4.470e-01
1.212e+00 4.476e-01
1.213e+00 4.483e-01
1.214e+00 4.490e-01
1.215e+00 4.498e-01
1.216e+00 4.506e-01
1.217e+00 4.515e-01
1.218e+00 4.525e-01
1.219e+00 4.535e-01
1.220e+00 4.546e-01
1.221e+00 4.558e-01
1.222e+00 4.570e-01
1.223e+00 4.582e-01
1.224e+00 4.595e-01
1.225e+00 4.607e-01
1.226e+00 4.620e-01
1.227e+00 4.632e-01
1.228e+00 4.644e-01
1.229e+00 4.656e-01
1.230e+00 4.667e-01
1.231e+00 4.678e-01
1.232e+00 4.689e-01
1.233e+00 4.700e-01
1.234e+00 4.710e-01
1.235e+00 4.720e-01
1.236e+00 4.730e-01
1.237e+00 4.740e-01
1.238e+00 4.749e-01
1.239e+00 4.758e-01
1.240e+00 4.767e-01
1.241e+00 4.776e-01
1.242e+00 4.785e-01
1.243e+00 4.793e-01
1.244e+00 4.802e-01
1.245e+00 4.810e-01
1.246e+00 4.818e-01
1.247e+00 4.825e-01
1.248e+00 4.832e-01
1.249e+00 4.838e-01
1.250e+00 4.844e-01
1.251e+00 4.850e-01
1.252e+00 4.855e-01
1.253e+00 4.861e-01
1.254e+00 4.866e-01
1.255e+00 4.871e-01
1.256e+00 4.876e-01
1.257e+00 4.881e-01
1.258e+00 4.886e-01
1.259e+00 4.891e-01
1.260e+00 4.895e-01
1.261e+00 4.899e-01
1.262e+00 4.902e-01
1.263e+00 4.905e-01
1.264e+00 4.908e-01
1.265e+00 4.910e-01
1.266e+00 4.912e-01
1.267e+00 4.913e-01
1.268e+00 4.914e-01
1.269e+00 4.915e-01
1.270e+00 4.915e-01
1.271e+00 4.916e-01
1.272e+00 4.916e-01
1.273e+00 4.916e-01
1.274e+00 4.915e-01
1.275e+00 4.914e-01
1.276e+00 4.913e-01
1.277e+00 4.912e-01
1.278e+00 4.910e-01
1.279e+00 4.908e-01
1.280e+00 4.905e-01
1.281e+00 4.902e-01
1.282e+00 4.898e-01
1.283e+00 4.894e-01
1.284e+00 4.890e-01
1.285e+00 4.885e-01
1.286e+00 4.879e-01
1.287e+00 4.873e-01
1.288e+00 4.867e-01
1.289e+00 4.860e-01
1.290e+00 4.852e-01
1.291e+00 4.844e-01
1.292e+00 4.836e-01
1.293e+00 4.827e-01
1.294e+00 4.818e-01
1.295e+00 4.808e-01
1.296e+00 4.797e-01
1.297e+00 4.786e-01
1.298e+00 4.774e-01
1.299e+00 4.762e-01
1.300e+00 4.749e-01
1.301e+00 4.735e-01
1.302e+00 4.720e-01
1.303e+00 4.704e-01
1.304e+00 4.688e-01
1.305e+00 4.671e-01
1.306e+00 4.654e-01
1.307e+00 4.636e-01
1.308e+00 4.617e-01
1.309e+00 4.598e-01
1.310e+00 4.577e-01
1.311e+00 4.556e-01
1.312e+00 4.535e-01
1.313e+00 4.512e-01
1.314e+00 4.489e-01
1.315e+00 4.465e-01
1.316e+00 4.441e-01
1.317e+00 4.416e-01
1.318e+00 4.390e-01
1.319e+00 4.363e-01
1.320e+00 4.336e-01
1.321e+00 4.308e-01
1.322e+00 4.279e-01
1.323e+00 4.249e-01
1.324e+00 4.219e-01
1.325e+00 4.189e-01
1.326e+00 4.158e-01
1.327e+00 4.127e-01
1.328e+00 4.095e-01
1.329e+00 4.064e-01
1.330e+00 4.032e-01
1.331e+00 4.001e-01
1.332e+00 3.969e-01
1.333e+00 3.937e-01
1.334e+00 3.906e-01
1.335e+00 3.874e-01
1.336e+00 3.843e-01
1.337e+00 3.812e-01
1.338e+00 3.782e-01
1.339e+00 3.751e-01
1.340e+00 3.721e-01
1.341e+00 3.691e-01
1.342e+00 3.662e-01
1.343e+00 3.633e-01
1.344e+00 3.604e-01
1.345e+00 3.577e-01
1.346e+00 3.550e-01
1.347e+00 3.523e-01
1.348e+00 3.498e-01
1.349e+00 3.473e-01
1.350e+00 3.448e-01
1.351e+00 3.424e-01
1.352e+00 3.401e-01
1.353e+00 3.378e-01
1.354e+00 3.356e-01
1.355e+00 3.333e-01
1.356e+00 3.311e-01
1.357e+00 3.289e-01
1.358e+00 3.266e-01
1.359e+00 3.244e-01
1.360e+00 3.222e-01
1.361e+00 3.199e-01
1.362e+00 3.176e-01
1.363e+00 3.152e-01
1.364e+00 3.128e-01
1.365e+00 3.103e-01
1.366e+00 3.077e-01
1.367e+00 3.051e-01
1.368e+00 3.023e-01
1.369e+00 2.995e-01
1.370e+00 2.965e-01
1.371e+00 2.934e-01
1.372e+00 2.901e-01
1.373e+00 2.867e-01
1.374e+00 2.831e-01
1.375e+00 2.792e-01
1.376e+00 2.751e-01
1.377e+00 2.709e-01
1.378e+00 2.663e-01
1.379e+00 2.616e-01
1.380e+00 2.566e-01
1.381e+00 2.515e-01
1.382e+00 2.462e-01
1.383e+00 2.407e-01
1.384e+00 2.351e-01
1.385e+00 2.293e-01
1.386e+00 2.234e-01
1.387e+00 2.174e-01
1.388e+00 2.114e-01
1.389e+00 2.055e-01
1.390e+00 1.995e-01
1.391e+00 1.936e-01
1.392e+00 1.877e-01
1.393e+00 1.820e-01
1.394e+00 1.763e-01
1.395e+00 1.707e-01
1.396e+00 1.653e-01
1.397e+00 1.601e-01
1.398e+00 1.550e-01
1.399e+00 1.501e-01
1.400e+00 1.454e-01
1.401e+00 1.410e-01
1.402e+00 1.367e-01
1.403e+00 1.327e-01
1.404e+00 1.289e-01
1.405e+00 1.253e-01
1.406e+00 1.219e-01
1.407e+00 1.188e-01
1.408e+00 1.158e-01
1.409e+00 1.130e-01
1.410e+00 1.104e-01
1.411e+00 1.079e-01
1.412e+00 1.056e-01
1.413e+00 1.035e-01
1.414e+00 1.015e-01
1.415e+00 9.969e-02
1.416e+00 9.798e-02
1.417e+00 9.639e-02
1.418e+00 9.492e-02
1.419e+00 9.355e-02
1.420e+00 9.229e-02
1.421e+00 9.112e-02
1.422e+00 9.003e-02
1.423e+00 8.904e-02
1.424e+00 8.813e-02
1.425e+00 8.729e-02
1.426e+00 8.651e-02
1.427e+00 8.579e-02
1.428e+00 8.513e-02
1.429e+00 8.450e-02
1.430e+00 8.392e-02
1.431e+00 8.338e-02
1.432e+00 8.288e-02
1.433e+00 8.242e-02
1.434e+00 8.201e-02
1.435e+00 8.163e-02
1.436e+00 8.130e-02
1.437e+00 8.101e-02
1.438e+00 8.076e-02
1.439e+00 8.056e-02
1.440e+00 8.039e-02
1.441e+00 8.026e-02
1.442e+00 8.016e-02
1.443e+00 8.008e-02
1.444e+00 8.001e-02
1.445e+00 7.994e-02
1.446e+00 7.988e-02
1.447e+00 7.983e-02
1.448e+00 7.979e-02
1.449e+00 7.976e-02
1.450e+00 7.973e-02
1.451e+00 7.972e-02
1.452e+00 7.972e-02
1.453e+00 7.974e-02
1.454e+00 7.977e-02
1.455e+00 7.983e-02
1.456e+00 7.990e-02
1.457e+00 8.000e-02
1.458e+00 8.012e-02
1.459e+00 8.027e-02
1.460e+00 8.045e-02
1.461e+00 8.064e-02
1.462e+00 8.087e-02
1.463e+00 8.111e-02
1.464e+00 8.138e-02
1.465e+00 8.167e-02
1.466e+00 8.197e-02
1.467e+00 8.230e-02
1.468e+00 8.265e-02
1.469e+00 8.302e-02
1.470e+00 8.342e-02
1.471e+00 8.384e-02
1.472e+00 8.429e-02
1.473e+00 8.477e-02
1.474e+00 8.528e-02
1.475e+00 8.582e-02
1.476e+00 8.639e-02
1.477e+00 8.699e-02
1.478e+00 8.762e-02
1.479e+00 8.828e-02
1.480e+00 8.895e-02
1.481e+00 8.965e-02
1.482e+00 9.035e-02
1.483e+00 9.108e-02
1.484e+00 9.181e-02
1.485e+00 9.255e-02
1.486e+00 9.329e-02
1.487e+00 9.402e-02
1.488e+00 9.476e-02
1.489e+00 9.549e-02
1.490e+00 9.623e-02
1.491e+00 9.697e-02
1.492e+00 9.772e-02
1.493e+00 9.849e-02
1.494e+00 9.927e-02
1.495e+00 1.001e-01
1.496e+00 1.009e-01
1.497e+00 1.017e-01
1.498e+00 1.026e-01
1.499e+00 1.035e-01
1.500e+00 1.044e-01
1.501e+00 1.052e-01
1.502e+00 1.061e-01
1.503e+00 1.070e-01
1.504e+00 1.079e-01
1.505e+00 1.088e-01
1.506e+00 1.096e-01
1.507e+00 1.105e-01
1.508e+00 1.114e-01
1.509e+00 1.122e-01
1.510e+00 1.131e-01
1.511e+00 1.140e-01
1.512e+00 1.148e-01
1.513e+00 1.157e-01
1.514e+00 1.166e-01
1.515e+00 1.175e-01
1.516e+00 1.184e-01
1.517e+00 1.193e-01
1.518e+00 1.202e-01
1.519e+00 1.211e-01
1.520e+00 1.220e-01
1.521e+00 1.229e-01
1.522e+00 1.237e-01
1.523e+00 1.246e-01
1.524e+00 1.254e-01
1.525e+00 1.263e-01
1.526e+00 1.271e-01
1.527e+00 1.279e-01
1.528e+00 1.288e-01
1.529e+00 1.296e-01
1.530e+00 1.305e-01
1.531e+00 1.313e-01
1.532e+00 1.322e-01
1.533e+00 1.330e-01
1.534e+00 1.339e-01
1.535e+00 1.348e-01
1.536e+00 1.356e-01
1.537e+00 1.365e-01
1.538e+00 1.373e-01
1.539e+00 1.381e-01
1.540e+00 1.389e-01
1.541e+00 1.397e-01
1.542e+00 1.405e-01
1.543e+00 1.413e-01
1.544e+00 1.421e-01
1.545e+00 1.429e-01
1.546e+00 1.437e-01
1.547e+00 1.444e-01
1.548e+00 1.452e-01
1.549e+00 1.460e-01
1.550e+00 1.467e-01
1.551e+00 1.475e-01
1.552e+00 1.483e-01
1.553e+00 1.492e-01
1.554e+00 1.500e-01
1.555e+00 1.508e-01
1.556e+00 1.516e-01
1.557e+00 1.524e-01
1.558e+00 1.531e-01
1.559e+00 1.539e-01
1.560e+00 1.546e-01
1.561e+00 1.554e-01
1.562e+00 1.561e-01
1.563e+00 1.568e-01
1.564e+00 1.575e-01
1.565e+00 1.582e-01
1.566e+00 1.589e-01
1.567e+00 1.596e-01
1.568e+00 1.603e-01
1.569e+00 1.610e-01
1.570e+00 1.617e-01
1.571e+00 1.624e-01
1.572e+00 1.632e-01
1.573e+00 1.639e-01
1.574e+00 1.646e-01
1.575e+00 1.654e-01
1.576e+00 1.661e-01
1.577e+00 1.668e-01
1.578e+00 1.675e-01
1.579e+00 1.682e-01
1.580e+00 1.689e-01
1.581e+00 1.696e-01
1.582e+00 1.703e-01
1.583e+00 1.709e-01
1.584e+00 1.716e-01
1.585e+00 1.722e-01
1.586e+00 1.728e-01
1.587e+00 1.735e-01
1.588e+00 1.742e-01
1.589e+00 1.749e-01
1.590e+00 1.756e-01
1.591e+00 1.763e-01
1.592e+00 1.771e-01
1.593e+00 1.778e-01
1.594e+00 1.786e-01
1.595e+00 1.793e-01
1.596e+00 1.800e-01
1.597e+00 1.807e-01
1.598e+00 1.814e-01
1.599e+00 1.821e-01
1.600e+00 1.828e-01
1.601e+00 1.834e-01
1.602e+00 1.841e-01
1.603e+00 1.848e-01
1.604e+00 1.855e-01
1.605e+00 1.861e-01
1.606e+00 1.868e-01
1.607e+00 1.875e-01
1.608e+00 1.882e-01
1.609e+00 1.889e-01
1.610e+00 1.895e-01
1.611e+00 1.902e-01
1.612e+00 1.908e-01
1.613e+00 1.914e-01
1.614e+00 1.920e-01
1.615e+00 1.926e-01
1.616e+00 1.931e-01
1.617e+00 1.937e-01
1.618e+00 1.942e-01
1.619e+00 1.947e-01
1.620e+00 1.952e-01
1.621e+00 1.956e-01
1.622e+00 1.961e-01
1.623e+00 1.966e-01
1.624e+00 1.971e-01
1.625e+00 1.976e-01
1.626e+00 1.981e-01
1.627e+00 1.985e-01
1.628e+00 1.990e-01
1.629e+00 1.995e-01
1.630e+00 1.999e-01
1.631e+00 2.004e-01
1.632e+00 2.008e-01
1.633e+00 2.012e-01
1.634e+00 2.016e-01
1.635e+00 2.019e-01
1.636e+00 2.022e-01
1.637e+00 2.025e-01
1.638e+00 2.028e-01
1.639e+00 2.031e-01
1.640e+00 2.034e-01
1.641e+00 2.036e-01
1.642e+00 2.039e-01
1.643e+00 2.041e-01
1.644e+00 2.043e-01
1.645e+00 2.044e-01
1.646e+00 2.045e-01
1.647e+00 2.046e-01
1.648e+00 2.046e-01
1.649e+00 2.046e-01
1.650e+00 2.045e-01
1.651e+00 2.043e-01
1.652e+00 2.041e-01
1.653e+00 2.038e-01
1.654e+00 2.036e-01
1.655e+00 2.033e-01
1.656e+00 2.030e-01
1.657e+00 2.028e-01
1.658e+00 2.026e-01
1.659e+00 2.024e-01
1.660e+00 2.023e-01
1.661e+00 2.022e-01
1.662e+00 2.021e-01
1.663e+00 2.020e-01
1.664e+00 2.019e-01
1.665e+00 2.019e-01
1.666e+00 2.018e-01
1.667e+00 2.017e-01
1.668e+00 2.016e-01
1.669e+00 2.015e-01
1.670e+00 2.014e-01
1.671e+00 2.014e-01
1.672e+00 2.013e-01
1.673e+00 2.013e-01
1.674e+00 2.012e-01
1.675e+00 2.012e-01
1.676e+00 2.011e-01
1.677e+00 2.011e-01
1.678e+00 2.011e-01
1.679e+00 2.010e-01
1.680e+00 2.010e-01
1.681e+00 2.008e-01
1.682e+00 2.007e-01
1.683e+00 2.005e-01
1.684e+00 2.002e-01
1.685e+00 1.999e-01
1.686e+00 1.995e-01
1.687e+00 1.991e-01
1.688e+00 1.986e-01
1.689e+00 1.981e-01
1.690e+00 1.976e-01
1.691e+00 1.971e-01
1.692e+00 1.966e-01
1.693e+00 1.962e-01
1.694e+00 1.957e-01
1.695e+00 1.953e-01
1.696e+00 1.949e-01
1.697e+00 1.945e-01
1.698e+00 1.940e-01
1.699e+00 1.935e-01
1.700e+00 1.930e-01
1.701e+00 1.924e-01
1.702e+00 1.917e-01
1.703e+00 1.911e-01
1.704e+00 1.903e-01
1.705e+00 1.896e-01
1.706e+00 1.889e-01
1.707e+00 1.881e-01
1.708e+00 1.875e-01
1.709e+00 1.868e-01
1.710e+00 1.862e-01
1.711e+00 1.857e-01
1.712e+00 1.851e-01
1.713e+00 1.846e-01
1.714e+00 1.841e-01
1.715e+00 1.835e-01
1.716e+00 1.830e-01
1.717e+00 1.824e-01
1.718e+00 1.818e-01
1.719e+00 1.811e-01
1.720e+00 1.805e-01
1.721e+00 1.798e-01
1.722e+00 1.791e-01
1.723e+00 1.785e-01
1.724e+00 1.779e-01
1.725e+00 1.774e-01
1.726e+00 1.770e-01
1.727e+00 1.766e-01
1.728e+00 1.763e-01
1.729e+00 1.760e-01
1.730e+00 1.758e-01
1.731e+00 1.755e-01
1.732e+00 1.753e-01
1.733e+00 1.750e-01
1.734e+00 1.748e-01
1.735e+00 1.745e-01
1.736e+00 1.743e-01
1.737e+00 1.740e-01
1.738e+00 1.738e-01
1.739e+00 1.735e-01
1.740e+00 1.733e-01
1.741e+00 1.730e-01
1.742e+00 1.728e-01
1.743e+00 1.725e-01
1.744e+00 1.722e-01
1.745e+00 1.719e-01
1.746e+00 1.715e-01
1.747e+00 1.711e-01
1.748e+00 1.706e-01
1.749e+00 1.700e-01
1.750e+00 1.694e-01
1.751e+00 1.687e-01
1.752e+00 1.680e-01
1.753e+00 1.674e-01
1.754e+00 1.667e-01
1.755e+00 1.661e-01
1.756e+00 1.656e-01
1.757e+00 1.652e-01
1.758e+00 1.648e-01
1.759e+00 1.644e-01
1.760e+00 1.641e-01
1.761e+00 1.638e-01
1.762e+00 1.634e-01
1.763e+00 1.631e-01
1.764e+00 1.627e-01
1.765e+00 1.623e-01
1.766e+00 1.619e-01
1.767e+00 1.615e-01
1.768e+00 1.611e-01
1.769e+00 1.607e-01
1.770e+00 1.603e-01
1.771e+00 1.601e-01
1.772e+00 1.598e-01
1.773e+00 1.597e-01
1.774e+00 1.596e-01
1.775e+00 1.596e-01
1.776e+00 1.595e-01
1.777e+00 1.595e-01
1.778e+00 1.595e-01
1.779e+00 1.594e-01
1.780e+00 1.593e-01
1.781e+00 1.591e-01
1.782e+00 1.589e-01
1.783e+00 1.586e-01
1.784e+00 1.584e-01
1.785e+00 1.582e-01
1.786e+00 1.581e-01
1.787e+00 1.581e-01
1.788e+00 1.582e-01
1.789e+00 1.584e-01
1.790e+00 1.586e-01
1.791e+00 1.588e-01
1.792e+00 1.590e-01
1.793e+00 1.591e-01
1.794e+00 1.592e-01
1.795e+00 1.593e-01
1.796e+00 1.593e-01
1.797e+00 1.593e-01
1.798e+00 1.593e-01
1.799e+00 1.593e-01
1.800e+00 1.594e-01
1.801e+00 1.595e-01
1.802e+00 1.596e-01
1.803e+00 1.597e-01
1.804e+00 1.599e-01
1.805e+00 1.600e-01
1.806e+00 1.601e-01
1.807e+00 1.603e-01
1.808e+00 1.604e-01
1.809e+00 1.605e-01
1.810e+00 1.606e-01
1.811e+00 1.607e-01
1.812e+00 1.608e-01
1.813e+00 1.609e-01
1.814e+00 1.610e-01
1.815e+00 1.611e-01
1.816e+00 1.612e-01
1.817e+00 1.613e-01
1.818e+00 1.613e-01
1.819e+00 1.614e-01
1.820e+00 1.615e-01
1.821e+00 1.615e-01
1.822e+00 1.616e-01
1.823e+00 1.616e-01
1.824e+00 1.616e-01
1.825e+00 1.616e-01
1.826e+00 1.615e-01
1.827e+00 1.614e-01
1.828e+00 1.614e-01
1.829e+00 1.613e-01
1.830e+00 1.613e-01
1.831e+00 1.612e-01
1.832e+00 1.610e-01
1.833e+00 1.609e-01
1.834e+00 1.607e-01
1.835e+00 1.604e-01
1.836e+00 1.602e-01
1.837e+00 1.599e-01
1.838e+00 1.596e-01
1.839e+00 1.593e-01
1.840e+00 1.589e-01
1.841e+00 1.585e-01
1.842e+00 1.580e-01
1.843e+00 1.575e-01
1.844e+00 1.569e-01
1.845e+00 1.562e-01
1.846e+00 1.555e-01
1.847e+00 1.547e-01
1.848e+00 1.539e-01
1.849e+00 1.530e-01
1.850e+00 1.519e-01
1.851e+00 1.508e-01
1.852e+00 1.496e-01
1.853e+00 1.483e-01
1.854e+00 1.469e-01
1.855e+00 1.455e-01
1.856e+00 1.439e-01
1.857e+00 1.422e-01
1.858e+00 1.405e-01
1.859e+00 1.386e-01
1.860e+00 1.366e-01
1.861e+00 1.345e-01
1.862e+00 1.324e-01
1.863e+00 1.301e-01
1.864e+00 1.277e-01
1.865e+00 1.252e-01
1.866e+00 1.225e-01
1.867e+00 1.198e-01
1.868e+00 1.169e-01
1.869e+00 1.140e-01
1.870e+00 1.110e-01
1.871e+00 1.079e-01
1.872e+00 1.047e-01
1.873e+00 1.015e-01
1.874e+00 9.829e-02
1.875e+00 9.499e-02
1.876e+00 9.169e-02
1.877e+00 8.840e-02
1.878e+00 8.514e-02
1.879e+00 8.192e-02
1.880e+00 7.875e-02
1.881e+00 7.562e-02
1.882e+00 7.256e-02
1.883e+00 6.956e-02
1.884e+00 6.663e-02
1.885e+00 6.378e-02
1.886e+00 6.100e-02
1.887e+00 5.831e-02
1.888e+00 5.572e-02
1.889e+00 5.325e-02
1.890e+00 5.092e-02
1.891e+00 4.871e-02
1.892e+00 4.663e-02
1.893e+00 4.467e-02
1.894e+00 4.282e-02
1.895e+00 4.112e-02
1.896e+00 3.955e-02
1.897e+00 3.811e-02
1.898e+00 3.680e-02
1.899e+00 3.562e-02
1.900e+00 3.454e-02
1.901e+00 3.356e-02
1.902e+00 3.265e-02
1.903e+00 3.181e-02
1.904e+00 3.103e-02
1.905e+00 3.032e-02
1.906e+00 2.966e-02
1.907e+00 2.908e-02
1.908e+00 2.856e-02
1.909e+00 2.810e-02
1.910e+00 2.768e-02
1.911e+00 2.730e-02
1.912e+00 2.695e-02
1.913e+00 2.665e-02
1.914e+00 2.638e-02
1.915e+00 2.615e-02
1.916e+00 2.594e-02
1.917e+00 2.576e-02
1.918e+00 2.560e-02
1.919e+00 2.545e-02
1.920e+00 2.530e-02
1.921e+00 2.516e-02
1.922e+00 2.503e-02
1.923e+00 2.492e-02
1.924e+00 2.483e-02
1.925e+00 2.475e-02
1.926e+00 2.470e-02
1.927e+00 2.468e-02
1.928e+00 2.466e-02
1.929e+00 2.466e-02
1.930e+00 2.467e-02
1.931e+00 2.469e-02
1.932e+00 2.472e-02
1.933e+00 2.476e-02
1.934e+00 2.481e-02
1.935e+00 2.489e-02
1.936e+00 2.498e-02
1.937e+00 2.506e-02
1.938e+00 2.513e-02
1.939e+00 2.519e-02
1.940e+00 2.525e-02
1.941e+00 2.534e-02
1.942e+00 2.544e-02
1.943e+00 2.555e-02
1.944e+00 2.567e-02
1.945e+00 2.578e-02
1.946e+00 2.589e-02
1.947e+00 2.601e-02
1.948e+00 2.613e-02
1.949e+00 2.626e-02
1.950e+00 2.641e-02
1.951e+00 2.656e-02
1.952e+00 2.673e-02
1.953e+00 2.691e-02
1.954e+00 2.708e-02
1.955e+00 2.726e-02
1.956e+00 2.745e-02
1.957e+00 2.763e-02
1.958e+00 2.779e-02
1.959e+00 2.794e-02
1.960e+00 2.807e-02
1.961e+00 2.823e-02
1.962e+00 2.842e-02
1.963e+00 2.865e-02
1.964e+00 2.889e-02
1.965e+00 2.914e-02
1.966e+00 2.937e-02
1.967e+00 2.959e-02
1.968e+00 2.981e-02
1.969e+00 3.001e-02
1.970e+00 3.021e-02
1.971e+00 3.042e-02
1.972e+00 3.064e-02
1.973e+00 3.085e-02
1.974e+00 3.107e-02
1.975e+00 3.129e-02
1.976e+00 3.152e-02
1.977e+00 3.175e-02
1.978e+00 3.199e-02
1.979e+00 3.224e-02
1.980e+00 3.251e-02
1.981e+00 3.278e-02
1.982e+00 3.306e-02
1.983e+00 3.334e-02
1.984e+00 3.361e-02
1.985e+00 3.388e-02
1.986e+00 3.416e-02
1.987e+00 3.445e-02
1.988e+00 3.475e-02
1.989e+00 3.505e-02
1.990e+00 3.534e-02
1.991e+00 3.562e-02
1.992e+00 3.589e-02
1.993e+00 3.615e-02
1.994e+00 3.642e-02
1.995e+00 3.669e-02
1.996e+00 3.697e-02
1.997e+00 3.726e-02
1.998e+00 3.755e-02
1.999e+00 3.783e-02
2.000e+00 3.811e-02
2.001e+00 3.840e-02
2.002e+00 3.868e-02
2.003e+00 3.898e-02
2.004e+00 3.928e-02
2.005e+00 3.959e-02
2.006e+00 3.989e-02
2.007e+00 4.017e-02
2.008e+00 4.044e-02
2.009e+00 4.070e-02
2.010e+00 4.095e-02
2.011e+00 4.121e-02
2.012e+00 4.148e-02
2.013e+00 4.176e-02
2.014e+00 4.204e-02
2.015e+00 4.232e-02
2.016e+00 4.259e-02
2.017e+00 4.286e-02
2.018e+00 4.311e-02
2.019e+00 4.336e-02
2.020e+00 4.359e-02
2.021e+00 4.383e-02
2.022e+00 4.407e-02
2.023e+00 4.432e-02
2.024e+00 4.457e-02
2.025e+00 4.482e-02
2.026e+00 4.507e-02
2.027e+00 4.531e-02
2.028e+00 4.554e-02
2.029e+00 4.576e-02
2.030e+00 4.596e-02
2.031e+00 4.617e-02
2.032e+00 4.637e-02
2.033e+00 4.657e-02
2.034e+00 4.676e-02
2.035e+00 4.696e-02
2.036e+00 4.714e-02
2.037e+00 4.732e-02
2.038e+00 4.748e-02
2.039e+00 4.764e-02
2.040e+00 4.778e-02
2.041e+00 4.791e-02
2.042e+00 4.805e-02
2.043e+00 4.821e-02
2.044e+00 4.837e-02
2.045e+00 4.854e-02
2.046e+00 4.871e-02
2.047e+00 4.887e-02
2.048e+00 4.904e-02
2.049e+00 4.922e-02
2.050e+00 4.940e-02
2.051e+00 4.956e-02
2.052e+00 4.971e-02
2.053e+00 4.983e-02
2.054e+00 4.996e-02
2.055e+00 5.010e-02
2.056e+00 5.025e-02
2.057e+00 5.042e-02
2.058e+00 5.057e-02
2.059e+00 5.073e-02
2.060e+00 5.086e-02
2.061e+00 5.098e-02
2.062e+00 5.110e-02
2.063e+00 5.121e-02
2.064e+00 5.135e-02
2.065e+00 5.151e-02
2.066e+00 5.167e-02
2.067e+00 5.185e-02
2.068e+00 5.201e-02
2.069e+00 5.216e-02
2.070e+00 5.229e-02
2.071e+00 5.240e-02
2.072e+00 5.252e-02
2.073e+00 5.265e-02
2.074e+00 5.282e-02
2.075e+00 5.301e-02
2.076e+00 5.321e-02
2.077e+00 5.341e-02
2.078e+00 5.360e-02
2.079e+00 5.376e-02
2.080e+00 5.390e-02
2.081e+00 5.403e-02
2.082e+00 5.417e-02
2.083e+00 5.433e-02
2.084e+00 5.449e-02
2.085e+00 5.465e-02
2.086e+00 5.481e-02
2.087e+00 5.497e-02
2.088e+00 5.514e-02
2.089e+00 5.532e-02
2.090e+00 5.549e-02
2.091e+00 5.565e-02
2.092e+00 5.580e-02
2.093e+00 5.594e-02
2.094e+00 5.608e-02
2.095e+00 5.624e-02
2.096e+00 5.640e-02
2.097e+00 5.658e-02
2.098e+00 5.677e-02
2.099e+00 5.696e-02
2.100e+00 5.715e-02
2.101e+00 5.733e-02
2.102e+00 5.750e-02
2.103e+00 5.765e-02
2.104e+00 5.779e-02
2.105e+00 5.792e-02
2.106e+00 5.806e-02
2.107e+00 5.820e-02
2.108e+00 5.837e-02
2.109e+00 5.858e-02
2.110e+00 5.881e-02
2.111e+00 5.903e-02
2.112e+00 5.921e-02
2.113e+00 5.935e-02
2.114e+00 5.946e-02
2.115e+00 5.958e-02
2.116e+00 5.970e-02
2.117e+00 5.984e-02
2.118e+00 5.999e-02
2.119e+00 6.016e-02
2.120e+00 6.031e-02
2.121e+00 6.046e-02
2.122e+00 6.059e-02
2.123e+00 6.072e-02
2.124e+00 6.088e-02
2.125e+00 6.105e-02
2.126e+00 6.123e-02
2.127e+00 6.139e-02
2.128e+00 6.154e-02
2.129e+00 6.166e-02
2.130e+00 6.176e-02
2.131e+00 6.185e-02
2.132e+00 6.195e-02
2.133e+00 6.207e-02
2.134e+00 6.222e-02
2.135e+00 6.238e-02
2.136e+00 6.255e-02
2.137e+00 6.272e-02
2.138e+00 6.290e-02
2.139e+00 6.309e-02
2.140e+00 6.330e-02
2.141e+00 6.351e-02
2.142e+00 6.374e-02
2.143e+00 6.397e-02
2.144e+00 6.420e-02
2.145e+00 6.442e-02
2.146e+00 6.463e-02
2.147e+00 6.484e-02
2.148e+00 6.503e-02
2.149e+00 6.523e-02
2.150e+00 6.545e-02
2.151e+00 6.568e-02
2.152e+00 6.593e-02
2.153e+00 6.618e-02
2.154e+00 6.641e-02
2.155e+00 6.664e-02
2.156e+00 6.686e-02
2.157e+00 6.708e-02
2.158e+00 6.731e-02
2.159e+00 6.756e-02
2.160e+00 6.783e-02
2.161e+00 6.811e-02
2.162e+00 6.840e-02
2.163e+00 6.870e-02
2.164e+00 6.899e-02
2.165e+00 6.927e-02
2.166e+00 6.954e-02
2.167e+00 6.980e-02
2.168e+00 7.005e-02
2.169e+00 7.029e-02
2.170e+00 7.053e-02
2.171e+00 7.076e-02
2.172e+00 7.101e-02
2.173e+00 7.125e-02
2.174e+00 7.148e-02
2.175e+00 7.169e-02
2.176e+00 7.188e-02
2.177e+00 7.208e-02
2.178e+00 7.230e-02
2.179e+00 7.253e-02
2.180e+00 7.278e-02
2.181e+00 7.302e-02
2.182e+00 7.326e-02
2.183e+00 7.348e-02
2.184e+00 7.367e-02
2.185e+00 7.385e-02
2.186e+00 7.405e-02
2.187e+00 7.429e-02
2.188e+00 7.457e-02
2.189e+00 7.486e-02
2.190e+00 7.511e-02
2.191e+00 7.532e-02
2.192e+00 7.550e-02
2.193e+00 7.567e-02
2.194e+00 7.584e-02
2.195e+00 7.602e-02
2.196e+00 7.622e-02
2.197e+00 7.644e-02
2.198e+00 7.666e-02
2.199e+00 7.686e-02
2.200e+00 7.704e-02
2.201e+00 7.721e-02
2.202e+00 7.737e-02
2.203e+00 7.752e-02
2.204e+00 7.766e-02
2.205e+00 7.778e-02
2.206e+00 7.788e-02
2.207e+00 7.797e-02
2.208e+00 7.804e-02
2.209e+00 7.811e-02
2.210e+00 7.819e-02
2.211e+00 7.829e-02
2.212e+00 7.839e-02
2.213e+00 7.850e-02
2.214e+00 7.858e-02
2.215e+00 7.864e-02
2.216e+00 7.867e-02
2.217e+00 7.867e-02
2.218e+00 7.865e-02
2.219e+00 7.861e-02
2.220e+00 7.854e-02
2.221e+00 7.845e-02
2.222e+00 7.836e-02
2.223e+00 7.827e-02
2.224e+00 7.818e-02
2.225e+00 7.808e-02
2.226e+00 7.795e-02
2.227e+00 7.782e-02
2.228e+00 7.766e-02
2.229e+00 7.750e-02
2.230e+00 7.733e-02
2.231e+00 7.712e-02
2.232e+00 7.689e-02
2.233e+00 7.662e-02
2.234e+00 7.633e-02
2.235e+00 7.602e-02
2.236e+00 7.570e-02
2.237e+00 7.537e-02
2.238e+00 7.502e-02
2.239e+00 7.466e-02
2.240e+00 7.429e-02
2.241e+00 7.389e-02
2.242e+00 7.347e-02
2.243e+00 7.304e-02
2.244e+00 7.259e-02
2.245e+00 7.214e-02
2.246e+00 7.168e-02
2.247e+00 7.120e-02
2.248e+00 7.072e-02
2.249e+00 7.025e-02
2.250e+00 6.977e-02
2.251e+00 6.928e-02
2.252e+00 6.877e-02
2.253e+00 6.822e-02
2.254e+00 6.765e-02
2.255e+00 6.707e-02
2.256e+00 6.649e-02
2.257e+00 6.592e-02
2.258e+00 6.536e-02
2.259e+00 6.484e-02
2.260e+00 6.433e-02
2.261e+00 6.383e-02
2.262e+00 6.334e-02
2.263e+00 6.284e-02
2.264e+00 6.236e-02
2.265e+00 6.188e-02
2.266e+00 6.142e-02
2.267e+00 6.099e-02
2.268e+00 6.058e-02
2.269e+00 6.020e-02
2.270e+00 5.986e-02
2.271e+00 5.953e-02
2.272e+00 5.923e-02
2.273e+00 5.892e-02
2.274e+00 5.863e-02
2.275e+00 5.836e-02
2.276e+00 5.813e-02
2.277e+00 5.795e-02
2.278e+00 5.779e-02
2.279e+00 5.765e-02
2.280e+00 5.749e-02
2.281e+00 5.733e-02
2.282e+00 5.715e-02
2.283e+00 5.695e-02
2.284e+00 5.673e-02
2.285e+00 5.650e-02
2.286e+00 5.627e-02
2.287e+00 5.603e-02
2.288e+00 5.580e-02
2.289e+00 5.556e-02
2.290e+00 5.530e-02
2.291e+00 5.503e-02
2.292e+00 5.473e-02
2.293e+00 5.441e-02
2.294e+00 5.407e-02
2.295e+00 5.372e-02
2.296e+00 5.334e-02
2.297e+00 5.294e-02
2.298e+00 5.252e-02
2.299e+00 5.210e-02
2.300e+00 5.167e-02
2.301e+00 5.126e-02
2.302e+00 5.088e-02
2.303e+00 5.052e-02
2.304e+00 5.020e-02
2.305e+00 4.989e-02
2.306e+00 4.959e-02
2.307e+00 4.931e-02
2.308e+00 4.906e-02
2.309e+00 4.886e-02
2.310e+00 4.871e-02
2.311e+00 4.860e-02
2.312e+00 4.852e-02
2.313e+00 4.847e-02
2.314e+00 4.845e-02
2.315e+00 4.846e-02
2.316e+00 4.850e-02
2.317e+00 4.854e-02
2.318e+00 4.858e-02
2.319e+00 4.860e-02
2.320e+00 4.861e-02
2.321e+00 4.859e-02
2.322e+00 4.853e-02
2.323e+00 4.846e-02
2.324e+00 4.836e-02
2.325e+00 4.824e-02
2.326e+00 4.811e-02
2.327e+00 4.797e-02
2.328e+00 4.782e-02
2.329e+00 4.766e-02
2.330e+00 4.750e-02
2.331e+00 4.733e-02
2.332e+00 4.714e-02
2.333e+00 4.695e-02
2.334e+00 4.674e-02
2.335e+00 4.653e-02
2.336e+00 4.631e-02
2.337e+00 4.608e-02
2.338e+00 4.584e-02
2.339e+00 4.558e-02
2.340e+00 4.531e-02
2.341e+00 4.504e-02
2.342e+00 4.477e-02
2.343e+00 4.450e-02
2.344e+00 4.423e-02
2.345e+00 4.397e-02
2.346e+00 4.373e-02
2.347e+00 4.351e-02
2.348e+00 4.332e-02
2.349e+00 4.316e-02
2.350e+00 4.302e-02
2.351e+00 4.290e-02
2.352e+00 4.280e-02
2.353e+00 4.272e-02
2.354e+00 4.266e-02
2.355e+00 4.259e-02
2.356e+00 4.252e-02
2.357e+00 4.244e-02
2.358e+00 4.234e-02
2.359e+00 4.222e-02
2.360e+00 4.210e-02
2.361e+00 4.197e-02
2.362e+00 4.187e-02
2.363e+00 4.178e-02
2.364e+00 4.169e-02
2.365e+00 4.158e-02
2.366e+00 4.143e-02
2.367e+00 4.124e-02
2.368e+00 4.105e-02
2.369e+00 4.085e-02
2.370e+00 4.065e-02
2.371e+00 4.046e-02
2.372e+00 4.027e-02
2.373e+00 4.009e-02
2.374e+00 3.991e-02
2.375e+00 3.973e-02
2.376e+00 3.955e-02
2.377e+00 3.937e-02
2.378e+00 3.919e-02
2.379e+00 3.900e-02
2.380e+00 3.880e-02
2.381e+00 3.858e-02
2.382e+00 3.837e-02
2.383e+00 3.817e-02
2.384e+00 3.799e-02
2.385e+00 3.784e-02
2.386e+00 3.771e-02
2.387e+00 3.759e-02
2.388e+00 3.749e-02
2.389e+00 3.740e-02
2.390e+00 3.733e-02
2.391e+00 3.725e-02
2.392e+00 3.715e-02
2.393e+00 3.703e-02
2.394e+00 3.688e-02
2.395e+00 3.669e-02
2.396e+00 3.648e-02
2.397e+00 3.626e-02
2.398e+00 3.607e-02
2.399e+00 3.590e-02
2.400e+00 3.575e-02
2.401e+00 3.561e-02
2.402e+00 3.546e-02
2.403e+00 3.532e-02
2.404e+00 3.521e-02
2.405e+00 3.512e-02
2.406e+00 3.505e-02
2.407e+00 3.494e-02
2.408e+00 3.478e-02
2.409e+00 3.457e-02
2.410e+00 3.434e-02
2.411e+00 3.411e-02
2.412e+00 3.390e-02
2.413e+00 3.375e-02
2.414e+00 3.365e-02
2.415e+00 3.358e-02
2.416e+00 3.349e-02
2.417e+00 3.332e-02
2.418e+00 3.310e-02
2.419e+00 3.286e-02
2.420e+00 3.261e-02
2.421e+00 3.239e-02
2.422e+00 3.220e-02
2.423e+00 3.205e-02
2.424e+00 3.193e-02
2.425e+00 3.183e-02
2.426e+00 3.174e-02
2.427e+00 3.163e-02
2.428e+00 3.150e-02
2.429e+00 3.134e-02
2.430e+00 3.115e-02
2.431e+00 3.093e-02
2.432e+00 3.069e-02
2.433e+00 3.044e-02
2.434e+00 3.020e-02
2.435e+00 2.999e-02
2.436e+00 2.979e-02
2.437e+00 2.962e-02
2.438e+00 2.946e-02
2.439e+00 2.930e-02
2.440e+00 2.913e-02
2.441e+00 2.895e-02
2.442e+00 2.875e-02
2.443e+00 2.853e-02
2.444e+00 2.830e-02
2.445e+00 2.812e-02
2.446e+00 2.803e-02
2.447e+00 2.806e-02
2.448e+00 2.817e-02
2.449e+00 2.828e-02
2.450e+00 2.834e-02
2.451e+00 2.832e-02
2.452e+00 2.820e-02
2.453e+00 2.798e-02
2.454e+00 2.770e-02
2.455e+00 2.743e-02
2.456e+00 2.721e-02
2.457e+00 2.703e-02
2.458e+00 2.687e-02
2.459e+00 2.670e-02
2.460e+00 2.652e-02
2.461e+00 2.632e-02
2.462e+00 2.612e-02
2.463e+00 2.592e-02
2.464e+00 2.574e-02
2.465e+00 2.562e-02
2.466e+00 2.556e-02
2.467e+00 2.558e-02
2.468e+00 2.569e-02
2.469e+00 2.586e-02
2.470e+00 2.604e-02
2.471e+00 2.618e-02
2.472e+00 2.621e-02
2.473e+00 2.605e-02
2.474e+00 2.566e-02
2.475e+00 2.518e-02
2.476e+00 2.480e-02
2.477e+00 2.467e-02
2.478e+00 2.469e-02
2.479e+00 2.477e-02
2.480e+00 2.480e-02
2.481e+00 2.483e-02
2.482e+00 2.491e-02
2.483e+00 2.510e-02
2.484e+00 2.540e-02
2.485e+00 2.578e-02
2.486e+00 2.621e-02
2.487e+00 2.661e-02
2.488e+00 2.688e-02
2.489e+00 2.698e-02
2.490e+00 2.702e-02
2.491e+00 2.715e-02
2.492e+00 2.747e-02
2.493e+00 2.771e-02
2.494e+00 2.752e-02
2.495e+00 2.669e-02
2.496e+00 2.555e-02
2.497e+00 2.454e-02
2.498e+00 2.403e-02
2.499e+00 2.391e-02
2.500e+00 2.400e-02
