2.051e-01 3.604e-02
2.131e-01 3.604e-02
2.211e-01 3.604e-02
2.291e-01 3.604e-02
2.361e-01 3.604e-02
2.421e-01 3.604e-02
2.481e-01 3.604e-02
2.536e-01 3.604e-02
2.586e-01 3.604e-02
2.636e-01 3.604e-02
2.686e-01 3.604e-02
2.731e-01 3.604e-02
2.771e-01 3.604e-02
2.811e-01 3.604e-02
2.851e-01 3.604e-02
2.891e-01 3.604e-02
2.931e-01 3.604e-02
2.971e-01 3.616e-02
3.011e-01 3.660e-02
3.051e-01 3.704e-02
3.091e-01 3.748e-02
3.131e-01 3.792e-02
3.171e-01 3.836e-02
3.211e-01 3.880e-02
3.251e-01 3.925e-02
3.291e-01 3.969e-02
3.331e-01 4.014e-02
3.371e-01 4.059e-02
3.411e-01 4.104e-02
3.451e-01 4.150e-02
3.491e-01 4.196e-02
3.531e-01 4.242e-02
3.571e-01 4.289e-02
3.606e-01 4.330e-02
3.636e-01 4.365e-02
3.666e-01 4.401e-02
3.696e-01 4.437e-02
3.726e-01 4.473e-02
3.756e-01 4.509e-02
3.786e-01 4.546e-02
3.811e-01 4.576e-02
3.831e-01 4.600e-02
3.851e-01 4.625e-02
3.871e-01 4.649e-02
3.891e-01 4.674e-02
3.911e-01 4.698e-02
3.931e-01 4.723e-02
3.951e-01 4.747e-02
3.971e-01 4.772e-02
3.991e-01 4.797e-02
4.011e-01 4.821e-02
4.031e-01 4.847e-02
4.051e-01 4.866e-02
4.071e-01 4.876e-02
4.091e-01 4.871e-02
4.111e-01 4.864e-02
4.128e-01 4.864e-02
4.158e-01 4.855e-02
4.188e-01 4.828e-02
4.218e-01 4.801e-02
4.248e-01 4.773e-02
4.278e-01 4.747e-02
4.308e-01 4.709e-02
4.338e-01 4.654e-02
4.368e-01 4.601e-02
4.398e-01 4.551e-02
4.428e-01 4.492e-02
4.458e-01 4.439e-02
4.488e-01 4.395e-02
4.513e-01 4.362e-02
4.533e-01 4.351e-02
4.553e-01 4.349e-02
4.573e-01 4.337e-02
4.593e-01 4.319e-02
4.613e-01 4.307e-02
4.633e-01 4.302e-02
4.653e-01 4.292e-02
4.673e-01 4.275e-02
4.693e-01 4.254e-02
4.713e-01 4.227e-02
4.733e-01 4.196e-02
4.753e-01 4.163e-02
4.773e-01 4.131e-02
4.793e-01 4.101e-02
4.813e-01 4.068e-02
4.833e-01 4.029e-02
4.853e-01 3.979e-02
4.873e-01 3.922e-02
4.893e-01 3.861e-02
4.913e-01 3.796e-02
4.933e-01 3.728e-02
4.953e-01 3.657e-02
4.973e-01 3.584e-02
4.993e-01 3.507e-02
5.013e-01 3.426e-02
5.033e-01 3.343e-02
5.053e-01 3.266e-02
5.073e-01 3.196e-02
5.093e-01 3.130e-02
5.113e-01 3.071e-02
5.133e-01 3.021e-02
5.153e-01 2.979e-02
5.173e-01 2.942e-02
5.193e-01 2.914e-02
5.213e-01 2.891e-02
5.233e-01 2.869e-02
5.253e-01 2.848e-02
5.273e-01 2.827e-02
5.293e-01 2.806e-02
5.313e-01 2.786e-02
5.333e-01 2.765e-02
5.353e-01 2.742e-02
5.373e-01 2.720e-02
5.393e-01 2.701e-02
5.413e-01 2.681e-02
5.433e-01 2.658e-02
5.453e-01 2.635e-02
5.473e-01 2.614e-02
5.493e-01 2.595e-02
5.513e-01 2.576e-02
5.533e-01 2.556e-02
5.553e-01 2.537e-02
5.573e-01 2.520e-02
5.593e-01 2.504e-02
5.613e-01 2.488e-02
5.633e-01 2.473e-02
5.653e-01 2.457e-02
5.673e-01 2.439e-02
5.693e-01 2.422e-02
5.713e-01 2.403e-02
5.733e-01 2.383e-02
5.753e-01 2.363e-02
5.773e-01 2.343e-02
5.793e-01 2.322e-02
5.813e-01 2.301e-02
5.833e-01 2.281e-02
5.853e-01 2.262e-02
5.873e-01 2.243e-02
5.893e-01 2.224e-02
5.913e-01 2.206e-02
5.933e-01 2.189e-02
5.953e-01 2.175e-02
5.973e-01 2.161e-02
5.993e-01 2.149e-02
6.011e-01 2.140e-02
6.027e-01 2.132e-02
6.043e-01 2.126e-02
6.059e-01 2.122e-02
6.075e-01 2.118e-02
6.091e-01 2.113e-02
6.107e-01 2.110e-02
6.123e-01 2.109e-02
6.139e-01 2.107e-02
6.155e-01 2.104e-02
6.171e-01 2.102e-02
6.187e-01 2.100e-02
6.203e-01 2.098e-02
6.219e-01 2.097e-02
6.235e-01 2.095e-02
6.251e-01 2.094e-02
6.267e-01 2.092e-02
6.283e-01 2.090e-02
6.299e-01 2.089e-02
6.317e-01 2.088e-02
6.337e-01 2.085e-02
6.357e-01 2.084e-02
6.377e-01 2.082e-02
6.397e-01 2.082e-02
6.417e-01 2.081e-02
6.437e-01 2.079e-02
6.457e-01 2.078e-02
6.477e-01 2.077e-02
6.497e-01 2.074e-02
6.517e-01 2.072e-02
6.537e-01 2.070e-02
6.557e-01 2.066e-02
6.577e-01 2.065e-02
6.597e-01 2.065e-02
6.617e-01 2.063e-02
6.637e-01 2.062e-02
6.657e-01 2.061e-02
6.677e-01 2.060e-02
6.702e-01 2.060e-02
6.732e-01 2.058e-02
6.762e-01 2.056e-02
6.792e-01 2.053e-02
6.822e-01 2.051e-02
6.852e-01 2.048e-02
6.882e-01 2.047e-02
6.912e-01 2.044e-02
6.942e-01 2.042e-02
6.972e-01 2.038e-02
7.002e-01 2.034e-02
7.020e-01 2.033e-02
7.040e-01 2.031e-02
7.060e-01 2.029e-02
7.080e-01 2.028e-02
7.100e-01 2.026e-02
7.120e-01 2.025e-02
7.140e-01 2.023e-02
7.160e-01 2.022e-02
7.180e-01 2.019e-02
7.200e-01 2.017e-02
7.220e-01 2.015e-02
7.240e-01 2.013e-02
7.260e-01 2.010e-02
7.280e-01 2.008e-02
7.300e-01 2.006e-02
7.320e-01 2.003e-02
7.340e-01 2.003e-02
7.360e-01 2.002e-02
7.380e-01 2.002e-02
7.400e-01 2.001e-02
7.420e-01 2.001e-02
7.440e-01 2.001e-02
7.460e-01 2.000e-02
7.480e-01 2.000e-02
7.505e-01 1.995e-02
7.535e-01 1.996e-02
7.565e-01 1.996e-02
7.595e-01 1.996e-02
7.625e-01 1.995e-02
7.655e-01 1.995e-02
7.685e-01 1.994e-02
7.715e-01 1.993e-02
7.745e-01 1.992e-02
7.775e-01 1.991e-02
7.810e-01 1.990e-02
7.850e-01 1.988e-02
7.890e-01 1.987e-02
7.930e-01 1.986e-02
7.970e-01 1.985e-02
8.015e-01 1.985e-02
8.065e-01 1.985e-02
8.115e-01 1.985e-02
8.165e-01 1.984e-02
8.220e-01 1.982e-02
8.280e-01 1.980e-02
8.350e-01 1.978e-02
8.430e-01 1.976e-02
8.510e-01 1.975e-02
8.590e-01 1.975e-02
8.710e-01 1.978e-02
8.830e-01 1.982e-02
8.940e-01 1.985e-02
9.040e-01 1.985e-02
9.140e-01 1.983e-02
9.240e-01 1.981e-02
9.330e-01 1.978e-02
9.410e-01 1.976e-02
9.490e-01 1.975e-02
9.570e-01 1.975e-02
9.640e-01 1.975e-02
9.700e-01 1.975e-02
9.760e-01 1.974e-02
9.820e-01 1.972e-02
9.880e-01 1.969e-02
9.940e-01 1.967e-02
1.000e+00 1.964e-02
1.006e+00 1.962e-02
1.012e+00 1.960e-02
1.018e+00 1.958e-02
1.024e+00 1.957e-02
1.028e+00 1.956e-02
1.034e+00 1.955e-02
1.038e+00 1.955e-02
1.043e+00 1.954e-02
1.048e+00 1.954e-02
1.053e+00 1.954e-02
1.058e+00 1.954e-02
1.063e+00 1.954e-02
1.068e+00 1.953e-02
1.073e+00 1.952e-02
1.079e+00 1.950e-02
1.083e+00 1.949e-02
1.089e+00 1.947e-02
1.093e+00 1.945e-02
1.099e+00 1.944e-02
1.103e+00 1.943e-02
1.109e+00 1.942e-02
1.113e+00 1.941e-02
1.119e+00 1.941e-02
1.123e+00 1.940e-02
1.129e+00 1.940e-02
1.133e+00 1.940e-02
1.139e+00 1.940e-02
1.143e+00 1.939e-02
1.149e+00 1.939e-02
1.153e+00 1.938e-02
1.159e+00 1.937e-02
1.163e+00 1.936e-02
1.168e+00 1.936e-02
1.174e+00 1.935e-02
1.179e+00 1.934e-02
1.184e+00 1.934e-02
1.188e+00 1.933e-02
1.194e+00 1.933e-02
1.198e+00 1.933e-02
1.204e+00 1.933e-02
1.208e+00 1.932e-02
1.214e+00 1.931e-02
1.218e+00 1.930e-02
1.224e+00 1.929e-02
1.228e+00 1.927e-02
1.234e+00 1.926e-02
1.238e+00 1.925e-02
1.244e+00 1.924e-02
1.248e+00 1.923e-02
1.254e+00 1.923e-02
1.258e+00 1.923e-02
1.264e+00 1.923e-02
1.268e+00 1.922e-02
1.274e+00 1.921e-02
1.279e+00 1.920e-02
1.284e+00 1.918e-02
1.289e+00 1.917e-02
1.294e+00 1.915e-02
1.299e+00 1.913e-02
1.303e+00 1.912e-02
1.308e+00 1.910e-02
1.313e+00 1.909e-02
1.318e+00 1.907e-02
1.323e+00 1.906e-02
1.328e+00 1.905e-02
1.333e+00 1.904e-02
1.338e+00 1.904e-02
1.343e+00 1.903e-02
1.348e+00 1.903e-02
1.353e+00 1.902e-02
1.358e+00 1.902e-02
1.363e+00 1.902e-02
1.368e+00 1.902e-02
1.373e+00 1.903e-02
1.379e+00 1.903e-02
1.383e+00 1.903e-02
1.389e+00 1.903e-02
1.393e+00 1.903e-02
1.399e+00 1.903e-02
1.403e+00 1.902e-02
1.409e+00 1.902e-02
1.413e+00 1.901e-02
1.418e+00 1.900e-02
1.423e+00 1.899e-02
1.428e+00 1.898e-02
1.433e+00 1.896e-02
1.438e+00 1.895e-02
1.443e+00 1.894e-02
1.448e+00 1.893e-02
1.453e+00 1.891e-02
1.458e+00 1.890e-02
1.463e+00 1.889e-02
1.468e+00 1.888e-02
1.474e+00 1.887e-02
1.478e+00 1.886e-02
1.484e+00 1.885e-02
1.488e+00 1.884e-02
1.494e+00 1.883e-02
1.498e+00 1.882e-02
1.504e+00 1.881e-02
1.508e+00 1.881e-02
1.514e+00 1.880e-02
1.518e+00 1.879e-02
1.524e+00 1.878e-02
1.528e+00 1.877e-02
1.534e+00 1.876e-02
1.540e+00 1.875e-02
1.546e+00 1.873e-02
1.552e+00 1.871e-02
1.558e+00 1.869e-02
1.564e+00 1.867e-02
1.571e+00 1.865e-02
1.577e+00 1.863e-02
1.585e+00 1.862e-02
1.591e+00 1.861e-02
1.599e+00 1.861e-02
1.605e+00 1.863e-02
1.613e+00 1.865e-02
1.619e+00 1.867e-02
1.627e+00 1.869e-02
1.633e+00 1.869e-02
1.640e+00 1.868e-02
1.647e+00 1.864e-02
1.654e+00 1.857e-02
1.661e+00 1.850e-02
1.668e+00 1.847e-02
1.676e+00 1.846e-02
1.684e+00 1.847e-02
1.692e+00 1.849e-02
1.700e+00 1.851e-02
1.708e+00 1.852e-02
1.716e+00 1.852e-02
1.724e+00 1.851e-02
1.732e+00 1.848e-02
1.740e+00 1.845e-02
1.748e+00 1.842e-02
1.756e+00 1.839e-02
1.764e+00 1.835e-02
1.772e+00 1.832e-02
1.780e+00 1.828e-02
1.788e+00 1.825e-02
1.796e+00 1.822e-02
1.805e+00 1.820e-02
1.815e+00 1.818e-02
1.825e+00 1.816e-02
1.835e+00 1.814e-02
1.845e+00 1.812e-02
1.855e+00 1.810e-02
1.865e+00 1.807e-02
1.875e+00 1.803e-02
1.885e+00 1.799e-02
1.895e+00 1.794e-02
1.905e+00 1.788e-02
1.915e+00 1.781e-02
1.925e+00 1.775e-02
1.935e+00 1.772e-02
1.945e+00 1.771e-02
1.955e+00 1.770e-02
1.965e+00 1.766e-02
1.975e+00 1.760e-02
1.985e+00 1.752e-02
1.995e+00 1.744e-02
2.005e+00 1.738e-02
2.015e+00 1.733e-02
2.025e+00 1.729e-02
2.035e+00 1.725e-02
2.045e+00 1.722e-02
2.055e+00 1.720e-02
2.065e+00 1.717e-02
2.075e+00 1.714e-02
2.085e+00 1.710e-02
2.095e+00 1.704e-02
2.105e+00 1.698e-02
2.115e+00 1.690e-02
2.125e+00 1.681e-02
2.135e+00 1.673e-02
2.145e+00 1.665e-02
2.155e+00 1.659e-02
2.165e+00 1.654e-02
2.175e+00 1.649e-02
2.185e+00 1.644e-02
2.195e+00 1.637e-02
2.205e+00 1.628e-02
2.215e+00 1.619e-02
2.225e+00 1.614e-02
2.235e+00 1.610e-02
2.245e+00 1.606e-02
2.255e+00 1.601e-02
2.265e+00 1.594e-02
2.275e+00 1.586e-02
2.285e+00 1.578e-02
2.295e+00 1.569e-02
2.305e+00 1.562e-02
2.315e+00 1.555e-02
2.325e+00 1.548e-02
2.335e+00 1.540e-02
2.345e+00 1.532e-02
2.355e+00 1.522e-02
2.365e+00 1.510e-02
2.375e+00 1.497e-02
2.386e+00 1.484e-02
2.400e+00 1.471e-02
2.418e+00 1.459e-02
2.440e+00 1.435e-02
2.466e+00 1.363e-02
2.496e+00 1.221e-02
2.528e+00 1.045e-02
2.560e+00 8.760e-03
2.592e+00 7.215e-03
2.624e+00 5.543e-03
2.656e+00 4.135e-03
2.688e+00 4.035e-03
2.720e+00 3.971e-03
2.752e+00 3.971e-03
2.784e+00 3.971e-03
2.816e+00 3.971e-03
2.848e+00 3.971e-03
2.880e+00 3.971e-03
2.912e+00 3.971e-03
2.944e+00 3.971e-03
2.976e+00 3.971e-03
