3.500e-01 -1.230e+34
3.510e-01 -1.230e+34
3.520e-01 -1.230e+34
3.530e-01 -1.230e+34
3.540e-01 -1.230e+34
3.550e-01 -1.230e+34
3.560e-01 1.820e-02
3.570e-01 1.823e-02
3.580e-01 1.831e-02
3.590e-01 1.837e-02
3.600e-01 1.842e-02
3.610e-01 1.847e-02
3.620e-01 1.850e-02
3.630e-01 1.854e-02
3.640e-01 1.862e-02
3.650e-01 1.872e-02
3.660e-01 1.880e-02
3.670e-01 1.885e-02
3.680e-01 1.890e-02
3.690e-01 1.895e-02
3.700e-01 1.901e-02
3.710e-01 1.911e-02
3.720e-01 1.920e-02
3.730e-01 1.930e-02
3.740e-01 1.941e-02
3.750e-01 1.951e-02
3.760e-01 1.961e-02
3.770e-01 1.971e-02
3.780e-01 1.985e-02
3.790e-01 1.997e-02
3.800e-01 2.008e-02
3.810e-01 2.017e-02
3.820e-01 2.029e-02
3.830e-01 2.044e-02
3.840e-01 2.060e-02
3.850e-01 2.078e-02
3.860e-01 2.096e-02
3.870e-01 2.110e-02
3.880e-01 2.127e-02
3.890e-01 2.145e-02
3.900e-01 2.165e-02
3.910e-01 2.181e-02
3.920e-01 2.198e-02
3.930e-01 2.218e-02
3.940e-01 2.238e-02
3.950e-01 2.259e-02
3.960e-01 2.282e-02
3.970e-01 2.309e-02
3.980e-01 2.332e-02
3.990e-01 2.351e-02
4.000e-01 2.370e-02
4.010e-01 2.389e-02
4.020e-01 2.407e-02
4.030e-01 2.424e-02
4.040e-01 2.444e-02
4.050e-01 2.465e-02
4.060e-01 2.487e-02
4.070e-01 2.511e-02
4.080e-01 2.536e-02
4.090e-01 2.561e-02
4.100e-01 2.586e-02
4.110e-01 2.611e-02
4.120e-01 2.636e-02
4.130e-01 2.664e-02
4.140e-01 2.689e-02
4.150e-01 2.713e-02
4.160e-01 2.736e-02
4.170e-01 2.762e-02
4.180e-01 2.789e-02
4.190e-01 2.816e-02
4.200e-01 2.840e-02
4.210e-01 2.867e-02
4.220e-01 2.894e-02
4.230e-01 2.919e-02
4.240e-01 2.945e-02
4.250e-01 2.970e-02
4.260e-01 2.992e-02
4.270e-01 3.018e-02
4.280e-01 3.043e-02
4.290e-01 3.066e-02
4.300e-01 3.093e-02
4.310e-01 3.119e-02
4.320e-01 3.144e-02
4.330e-01 3.171e-02
4.340e-01 3.196e-02
4.350e-01 3.219e-02
4.360e-01 3.238e-02
4.370e-01 3.261e-02
4.380e-01 3.283e-02
4.390e-01 3.305e-02
4.400e-01 3.328e-02
4.410e-01 3.351e-02
4.420e-01 3.373e-02
4.430e-01 3.395e-02
4.440e-01 3.417e-02
4.450e-01 3.439e-02
4.460e-01 3.460e-02
4.470e-01 3.481e-02
4.480e-01 3.503e-02
4.490e-01 3.527e-02
4.500e-01 3.547e-02
4.510e-01 3.568e-02
4.520e-01 3.589e-02
4.530e-01 3.610e-02
4.540e-01 3.631e-02
4.550e-01 3.650e-02
4.560e-01 3.670e-02
4.570e-01 3.690e-02
4.580e-01 3.711e-02
4.590e-01 3.732e-02
4.600e-01 3.750e-02
4.610e-01 3.769e-02
4.620e-01 3.789e-02
4.630e-01 3.807e-02
4.640e-01 3.825e-02
4.650e-01 3.843e-02
4.660e-01 3.863e-02
4.670e-01 3.882e-02
4.680e-01 3.900e-02
4.690e-01 3.919e-02
4.700e-01 3.937e-02
4.710e-01 3.956e-02
4.720e-01 3.974e-02
4.730e-01 3.991e-02
4.740e-01 4.009e-02
4.750e-01 4.027e-02
4.760e-01 4.045e-02
4.770e-01 4.063e-02
4.780e-01 4.081e-02
4.790e-01 4.099e-02
4.800e-01 4.116e-02
4.810e-01 4.133e-02
4.820e-01 4.150e-02
4.830e-01 4.168e-02
4.840e-01 4.186e-02
4.850e-01 4.202e-02
4.860e-01 4.221e-02
4.870e-01 4.240e-02
4.880e-01 4.259e-02
4.890e-01 4.278e-02
4.900e-01 4.296e-02
4.910e-01 4.313e-02
4.920e-01 4.332e-02
4.930e-01 4.352e-02
4.940e-01 4.372e-02
4.950e-01 4.393e-02
4.960e-01 4.413e-02
4.970e-01 4.434e-02
4.980e-01 4.455e-02
4.990e-01 4.478e-02
5.000e-01 4.502e-02
5.010e-01 4.526e-02
5.020e-01 4.550e-02
5.030e-01 4.576e-02
5.040e-01 4.603e-02
5.050e-01 4.629e-02
5.060e-01 4.658e-02
5.070e-01 4.687e-02
5.080e-01 4.717e-02
5.090e-01 4.749e-02
5.100e-01 4.782e-02
5.110e-01 4.817e-02
5.120e-01 4.851e-02
5.130e-01 4.888e-02
5.140e-01 4.926e-02
5.150e-01 4.968e-02
5.160e-01 5.012e-02
5.170e-01 5.056e-02
5.180e-01 5.103e-02
5.190e-01 5.151e-02
5.200e-01 5.200e-02
5.210e-01 5.249e-02
5.220e-01 5.299e-02
5.230e-01 5.348e-02
5.240e-01 5.398e-02
5.250e-01 5.447e-02
5.260e-01 5.496e-02
5.270e-01 5.545e-02
5.280e-01 5.594e-02
5.290e-01 5.641e-02
5.300e-01 5.687e-02
5.310e-01 5.729e-02
5.320e-01 5.769e-02
5.330e-01 5.808e-02
5.340e-01 5.847e-02
5.350e-01 5.883e-02
5.360e-01 5.918e-02
5.370e-01 5.951e-02
5.380e-01 5.982e-02
5.390e-01 6.012e-02
5.400e-01 6.041e-02
5.410e-01 6.070e-02
5.420e-01 6.098e-02
5.430e-01 6.125e-02
5.440e-01 6.151e-02
5.450e-01 6.176e-02
5.460e-01 6.201e-02
5.470e-01 6.227e-02
5.480e-01 6.252e-02
5.490e-01 6.276e-02
5.500e-01 6.300e-02
5.510e-01 6.322e-02
5.520e-01 6.343e-02
5.530e-01 6.363e-02
5.540e-01 6.382e-02
5.550e-01 6.398e-02
5.560e-01 6.413e-02
5.570e-01 6.426e-02
5.580e-01 6.435e-02
5.590e-01 6.442e-02
5.600e-01 6.449e-02
5.610e-01 6.454e-02
5.620e-01 6.458e-02
5.630e-01 6.460e-02
5.640e-01 6.462e-02
5.650e-01 6.461e-02
5.660e-01 6.459e-02
5.670e-01 6.456e-02
5.680e-01 6.451e-02
5.690e-01 6.446e-02
5.700e-01 6.439e-02
5.710e-01 6.432e-02
5.720e-01 6.425e-02
5.730e-01 6.418e-02
5.740e-01 6.412e-02
5.750e-01 6.406e-02
5.760e-01 6.401e-02
5.770e-01 6.397e-02
5.780e-01 6.395e-02
5.790e-01 6.393e-02
5.800e-01 6.391e-02
5.810e-01 6.391e-02
5.820e-01 6.391e-02
5.830e-01 6.392e-02
5.840e-01 6.396e-02
5.850e-01 6.399e-02
5.860e-01 6.403e-02
5.870e-01 6.406e-02
5.880e-01 6.411e-02
5.890e-01 6.416e-02
5.900e-01 6.422e-02
5.910e-01 6.429e-02
5.920e-01 6.436e-02
5.930e-01 6.444e-02
5.940e-01 6.452e-02
5.950e-01 6.462e-02
5.960e-01 6.473e-02
5.970e-01 6.484e-02
5.980e-01 6.493e-02
5.990e-01 6.503e-02
6.000e-01 6.513e-02
6.010e-01 6.522e-02
6.020e-01 6.530e-02
6.030e-01 6.538e-02
6.040e-01 6.545e-02
6.050e-01 6.552e-02
6.060e-01 6.557e-02
6.070e-01 6.562e-02
6.080e-01 6.565e-02
6.090e-01 6.568e-02
6.100e-01 6.571e-02
6.110e-01 6.572e-02
6.120e-01 6.574e-02
6.130e-01 6.575e-02
6.140e-01 6.577e-02
6.150e-01 6.579e-02
6.160e-01 6.583e-02
6.170e-01 6.586e-02
6.180e-01 6.591e-02
6.190e-01 6.596e-02
6.200e-01 6.601e-02
6.210e-01 6.608e-02
6.220e-01 6.616e-02
6.230e-01 6.623e-02
6.240e-01 6.634e-02
6.250e-01 6.645e-02
6.260e-01 6.656e-02
6.270e-01 6.667e-02
6.280e-01 6.679e-02
6.290e-01 6.693e-02
6.300e-01 6.706e-02
6.310e-01 6.719e-02
6.320e-01 6.732e-02
6.330e-01 6.745e-02
6.340e-01 6.755e-02
6.350e-01 6.765e-02
6.360e-01 6.776e-02
6.370e-01 6.781e-02
6.380e-01 6.786e-02
6.390e-01 6.791e-02
6.400e-01 6.792e-02
6.410e-01 6.795e-02
6.420e-01 6.797e-02
6.430e-01 6.797e-02
6.440e-01 6.797e-02
6.450e-01 6.797e-02
6.460e-01 6.797e-02
6.470e-01 6.797e-02
6.480e-01 6.798e-02
6.490e-01 6.801e-02
6.500e-01 6.805e-02
6.510e-01 6.810e-02
6.520e-01 6.816e-02
6.530e-01 6.822e-02
6.540e-01 6.828e-02
6.550e-01 6.833e-02
6.560e-01 6.839e-02
6.570e-01 6.843e-02
6.580e-01 6.846e-02
6.590e-01 6.848e-02
6.600e-01 6.849e-02
6.610e-01 6.849e-02
6.620e-01 6.850e-02
6.630e-01 6.850e-02
6.640e-01 6.852e-02
6.650e-01 6.854e-02
6.660e-01 6.857e-02
6.670e-01 6.860e-02
6.680e-01 6.864e-02
6.690e-01 6.870e-02
6.700e-01 6.877e-02
6.710e-01 6.884e-02
6.720e-01 6.893e-02
6.730e-01 6.905e-02
6.740e-01 6.917e-02
6.750e-01 6.930e-02
6.760e-01 6.944e-02
6.770e-01 6.958e-02
6.780e-01 6.973e-02
6.790e-01 6.990e-02
6.800e-01 7.010e-02
6.810e-01 7.032e-02
6.820e-01 7.053e-02
6.830e-01 7.083e-02
6.840e-01 7.115e-02
6.850e-01 7.151e-02
6.860e-01 7.192e-02
6.870e-01 7.241e-02
6.880e-01 7.298e-02
6.890e-01 7.361e-02
6.900e-01 7.430e-02
6.910e-01 7.505e-02
6.920e-01 7.590e-02
6.930e-01 7.686e-02
6.940e-01 7.791e-02
6.950e-01 7.904e-02
6.960e-01 8.029e-02
6.970e-01 8.159e-02
6.980e-01 8.293e-02
6.990e-01 8.438e-02
7.000e-01 8.590e-02
7.010e-01 8.746e-02
7.020e-01 8.904e-02
7.030e-01 9.067e-02
7.040e-01 9.228e-02
7.050e-01 9.389e-02
7.060e-01 9.554e-02
7.070e-01 9.720e-02
7.080e-01 9.887e-02
7.090e-01 1.006e-01
7.100e-01 1.023e-01
7.110e-01 1.040e-01
7.120e-01 1.057e-01
7.130e-01 1.075e-01
7.140e-01 1.092e-01
7.150e-01 1.110e-01
7.160e-01 1.128e-01
7.170e-01 1.146e-01
7.180e-01 1.165e-01
7.190e-01 1.184e-01
7.200e-01 1.204e-01
7.210e-01 1.223e-01
7.220e-01 1.241e-01
7.230e-01 1.258e-01
7.240e-01 1.277e-01
7.250e-01 1.296e-01
7.260e-01 1.313e-01
7.270e-01 1.331e-01
7.280e-01 1.348e-01
7.290e-01 1.365e-01
7.300e-01 1.381e-01
7.310e-01 1.397e-01
7.320e-01 1.413e-01
7.330e-01 1.427e-01
7.340e-01 1.441e-01
7.350e-01 1.455e-01
7.360e-01 1.468e-01
7.370e-01 1.480e-01
7.380e-01 1.492e-01
7.390e-01 1.504e-01
7.400e-01 1.515e-01
7.410e-01 1.525e-01
7.420e-01 1.535e-01
7.430e-01 1.544e-01
7.440e-01 1.553e-01
7.450e-01 1.562e-01
7.460e-01 1.569e-01
7.470e-01 1.577e-01
7.480e-01 1.584e-01
7.490e-01 1.591e-01
7.500e-01 1.597e-01
7.510e-01 1.603e-01
7.520e-01 1.609e-01
7.530e-01 1.614e-01
7.540e-01 1.619e-01
7.550e-01 1.624e-01
7.560e-01 1.629e-01
7.570e-01 1.634e-01
7.580e-01 1.638e-01
7.590e-01 -1.230e+34
7.600e-01 -1.230e+34
7.610e-01 -1.230e+34
7.620e-01 -1.230e+34
7.630e-01 1.654e-01
7.640e-01 1.658e-01
7.650e-01 1.662e-01
7.660e-01 1.665e-01
7.670e-01 1.669e-01
7.680e-01 1.673e-01
7.690e-01 1.676e-01
7.700e-01 1.680e-01
7.710e-01 1.683e-01
7.720e-01 1.686e-01
7.730e-01 1.689e-01
7.740e-01 1.692e-01
7.750e-01 1.695e-01
7.760e-01 1.698e-01
7.770e-01 1.701e-01
7.780e-01 1.704e-01
7.790e-01 1.707e-01
7.800e-01 1.710e-01
7.810e-01 1.712e-01
7.820e-01 1.715e-01
7.830e-01 1.718e-01
7.840e-01 1.721e-01
7.850e-01 1.724e-01
7.860e-01 1.726e-01
7.870e-01 1.729e-01
7.880e-01 1.732e-01
7.890e-01 1.735e-01
7.900e-01 1.737e-01
7.910e-01 1.740e-01
7.920e-01 1.743e-01
7.930e-01 1.745e-01
7.940e-01 1.748e-01
7.950e-01 1.751e-01
7.960e-01 1.754e-01
7.970e-01 1.757e-01
7.980e-01 1.760e-01
7.990e-01 1.762e-01
8.000e-01 1.765e-01
8.010e-01 1.768e-01
8.020e-01 1.771e-01
8.030e-01 1.773e-01
8.040e-01 1.776e-01
8.050e-01 1.779e-01
8.060e-01 1.782e-01
8.070e-01 1.785e-01
8.080e-01 1.788e-01
8.090e-01 1.790e-01
8.100e-01 1.793e-01
8.110e-01 1.795e-01
8.120e-01 1.798e-01
8.130e-01 1.800e-01
8.140e-01 1.802e-01
8.150e-01 1.804e-01
8.160e-01 1.806e-01
8.170e-01 1.809e-01
8.180e-01 1.812e-01
8.190e-01 1.815e-01
8.200e-01 1.819e-01
8.210e-01 1.821e-01
8.220e-01 1.824e-01
8.230e-01 1.826e-01
8.240e-01 1.830e-01
8.250e-01 1.833e-01
8.260e-01 1.836e-01
8.270e-01 1.839e-01
8.280e-01 1.841e-01
8.290e-01 1.844e-01
8.300e-01 1.847e-01
8.310e-01 1.850e-01
8.320e-01 1.853e-01
8.330e-01 1.855e-01
8.340e-01 1.858e-01
8.350e-01 1.861e-01
8.360e-01 1.864e-01
8.370e-01 1.867e-01
8.380e-01 1.870e-01
8.390e-01 1.874e-01
8.400e-01 1.876e-01
8.410e-01 1.879e-01
8.420e-01 1.882e-01
8.430e-01 1.885e-01
8.440e-01 1.888e-01
8.450e-01 1.890e-01
8.460e-01 1.893e-01
8.470e-01 1.896e-01
8.480e-01 1.899e-01
8.490e-01 1.901e-01
8.500e-01 1.904e-01
8.510e-01 1.907e-01
8.520e-01 1.910e-01
8.530e-01 1.912e-01
8.540e-01 1.914e-01
8.550e-01 1.917e-01
8.560e-01 1.920e-01
8.570e-01 1.923e-01
8.580e-01 1.926e-01
8.590e-01 1.929e-01
8.600e-01 1.932e-01
8.610e-01 1.934e-01
8.620e-01 1.937e-01
8.630e-01 1.939e-01
8.640e-01 1.942e-01
8.650e-01 1.944e-01
8.660e-01 1.946e-01
8.670e-01 1.949e-01
8.680e-01 1.952e-01
8.690e-01 1.955e-01
8.700e-01 1.957e-01
8.710e-01 1.960e-01
8.720e-01 1.963e-01
8.730e-01 1.965e-01
8.740e-01 1.968e-01
8.750e-01 1.970e-01
8.760e-01 1.973e-01
8.770e-01 1.975e-01
8.780e-01 1.978e-01
8.790e-01 1.980e-01
8.800e-01 1.983e-01
8.810e-01 1.986e-01
8.820e-01 1.988e-01
8.830e-01 1.991e-01
8.840e-01 1.993e-01
8.850e-01 1.995e-01
8.860e-01 1.998e-01
8.870e-01 2.001e-01
8.880e-01 2.003e-01
8.890e-01 2.006e-01
8.900e-01 2.008e-01
8.910e-01 2.010e-01
8.920e-01 2.013e-01
8.930e-01 2.015e-01
8.940e-01 2.017e-01
8.950e-01 2.019e-01
8.960e-01 2.020e-01
8.970e-01 2.022e-01
8.980e-01 2.024e-01
8.990e-01 2.026e-01
9.000e-01 2.028e-01
9.010e-01 2.031e-01
9.020e-01 2.034e-01
9.030e-01 2.036e-01
9.040e-01 2.039e-01
9.050e-01 2.042e-01
9.060e-01 2.044e-01
9.070e-01 2.045e-01
9.080e-01 2.047e-01
9.090e-01 2.049e-01
9.100e-01 2.051e-01
9.110e-01 2.053e-01
9.120e-01 2.056e-01
9.130e-01 2.058e-01
9.140e-01 2.060e-01
9.150e-01 2.062e-01
9.160e-01 2.064e-01
9.170e-01 2.067e-01
9.180e-01 2.069e-01
9.190e-01 2.072e-01
9.200e-01 2.075e-01
9.210e-01 2.078e-01
9.220e-01 2.080e-01
9.230e-01 2.082e-01
9.240e-01 2.084e-01
9.250e-01 -1.230e+34
9.260e-01 -1.230e+34
9.270e-01 -1.230e+34
9.280e-01 -1.230e+34
9.290e-01 -1.230e+34
9.300e-01 -1.230e+34
9.310e-01 -1.230e+34
9.320e-01 -1.230e+34
9.330e-01 -1.230e+34
9.340e-01 -1.230e+34
9.350e-01 -1.230e+34
9.360e-01 -1.230e+34
9.370e-01 -1.230e+34
9.380e-01 -1.230e+34
9.390e-01 -1.230e+34
9.400e-01 -1.230e+34
9.410e-01 -1.230e+34
9.420e-01 2.100e-01
9.430e-01 2.101e-01
9.440e-01 2.102e-01
9.450e-01 2.103e-01
9.460e-01 2.104e-01
9.470e-01 2.106e-01
9.480e-01 2.107e-01
9.490e-01 2.108e-01
9.500e-01 2.108e-01
9.510e-01 2.109e-01
9.520e-01 2.110e-01
9.530e-01 2.112e-01
9.540e-01 2.112e-01
9.550e-01 2.111e-01
9.560e-01 2.112e-01
9.570e-01 2.114e-01
9.580e-01 2.112e-01
9.590e-01 2.114e-01
9.600e-01 2.116e-01
9.610e-01 2.118e-01
9.620e-01 2.118e-01
9.630e-01 2.118e-01
9.640e-01 2.121e-01
9.650e-01 2.122e-01
9.660e-01 2.124e-01
9.670e-01 2.125e-01
9.680e-01 2.128e-01
9.690e-01 2.131e-01
9.700e-01 2.133e-01
9.710e-01 2.135e-01
9.720e-01 2.136e-01
9.730e-01 2.138e-01
9.740e-01 2.139e-01
9.750e-01 2.140e-01
9.760e-01 2.142e-01
9.770e-01 2.142e-01
9.780e-01 2.144e-01
9.790e-01 2.147e-01
9.800e-01 2.150e-01
9.810e-01 2.151e-01
9.820e-01 2.154e-01
9.830e-01 2.156e-01
9.840e-01 2.158e-01
9.850e-01 2.160e-01
9.860e-01 2.163e-01
9.870e-01 2.166e-01
9.880e-01 2.168e-01
9.890e-01 2.171e-01
9.900e-01 2.175e-01
9.910e-01 2.176e-01
9.920e-01 2.178e-01
9.930e-01 2.180e-01
9.940e-01 2.184e-01
9.950e-01 2.186e-01
9.960e-01 2.188e-01
9.970e-01 2.191e-01
9.980e-01 2.192e-01
9.990e-01 2.194e-01
1.000e+00 2.198e-01
1.001e+00 2.203e-01
1.002e+00 2.205e-01
1.003e+00 2.207e-01
1.004e+00 2.209e-01
1.005e+00 2.214e-01
1.006e+00 2.218e-01
1.007e+00 2.222e-01
1.008e+00 2.225e-01
1.009e+00 2.228e-01
1.010e+00 2.232e-01
1.011e+00 2.235e-01
1.012e+00 2.238e-01
1.013e+00 2.241e-01
1.014e+00 2.244e-01
1.015e+00 2.248e-01
1.016e+00 2.251e-01
1.017e+00 2.254e-01
1.018e+00 2.257e-01
1.019e+00 2.260e-01
1.020e+00 2.264e-01
1.021e+00 2.267e-01
1.022e+00 2.270e-01
1.023e+00 2.273e-01
1.024e+00 2.276e-01
1.025e+00 2.279e-01
1.026e+00 2.283e-01
1.027e+00 2.286e-01
1.028e+00 2.289e-01
1.029e+00 2.292e-01
1.030e+00 2.295e-01
1.031e+00 2.298e-01
1.032e+00 2.301e-01
1.033e+00 2.305e-01
1.034e+00 2.308e-01
1.035e+00 2.311e-01
1.036e+00 2.313e-01
1.037e+00 2.316e-01
1.038e+00 2.319e-01
1.039e+00 2.322e-01
1.040e+00 2.325e-01
1.041e+00 2.328e-01
1.042e+00 2.331e-01
1.043e+00 2.334e-01
1.044e+00 2.337e-01
1.045e+00 2.340e-01
1.046e+00 2.343e-01
1.047e+00 2.346e-01
1.048e+00 2.349e-01
1.049e+00 2.352e-01
1.050e+00 2.355e-01
1.051e+00 2.357e-01
1.052e+00 2.360e-01
1.053e+00 2.363e-01
1.054e+00 2.366e-01
1.055e+00 2.368e-01
1.056e+00 2.371e-01
1.057e+00 2.374e-01
1.058e+00 2.376e-01
1.059e+00 2.379e-01
1.060e+00 2.382e-01
1.061e+00 2.384e-01
1.062e+00 2.387e-01
1.063e+00 2.389e-01
1.064e+00 2.391e-01
1.065e+00 2.394e-01
1.066e+00 2.397e-01
1.067e+00 2.399e-01
1.068e+00 2.402e-01
1.069e+00 2.404e-01
1.070e+00 2.407e-01
1.071e+00 2.410e-01
1.072e+00 2.412e-01
1.073e+00 2.415e-01
1.074e+00 2.417e-01
1.075e+00 2.420e-01
1.076e+00 2.422e-01
1.077e+00 2.424e-01
1.078e+00 2.427e-01
1.079e+00 2.429e-01
1.080e+00 2.431e-01
1.081e+00 2.434e-01
1.082e+00 2.436e-01
1.083e+00 2.438e-01
1.084e+00 2.440e-01
1.085e+00 2.442e-01
1.086e+00 2.444e-01
1.087e+00 2.447e-01
1.088e+00 2.449e-01
1.089e+00 2.450e-01
1.090e+00 2.453e-01
1.091e+00 2.455e-01
1.092e+00 2.457e-01
1.093e+00 2.459e-01
1.094e+00 2.461e-01
1.095e+00 2.463e-01
1.096e+00 2.465e-01
1.097e+00 2.466e-01
1.098e+00 2.468e-01
1.099e+00 2.470e-01
1.100e+00 2.472e-01
1.101e+00 2.473e-01
1.102e+00 2.475e-01
1.103e+00 2.477e-01
1.104e+00 2.478e-01
1.105e+00 2.480e-01
1.106e+00 2.481e-01
1.107e+00 2.483e-01
1.108e+00 2.484e-01
1.109e+00 2.485e-01
1.110e+00 -1.230e+34
1.111e+00 -1.230e+34
1.112e+00 -1.230e+34
1.113e+00 -1.230e+34
1.114e+00 -1.230e+34
1.115e+00 -1.230e+34
1.116e+00 -1.230e+34
1.117e+00 -1.230e+34
1.118e+00 -1.230e+34
1.119e+00 -1.230e+34
1.120e+00 -1.230e+34
1.121e+00 -1.230e+34
1.122e+00 -1.230e+34
1.123e+00 -1.230e+34
1.124e+00 -1.230e+34
1.125e+00 -1.230e+34
1.126e+00 -1.230e+34
1.127e+00 -1.230e+34
1.128e+00 -1.230e+34
1.129e+00 -1.230e+34
1.130e+00 -1.230e+34
1.131e+00 -1.230e+34
1.132e+00 -1.230e+34
1.133e+00 -1.230e+34
1.134e+00 -1.230e+34
1.135e+00 -1.230e+34
1.136e+00 -1.230e+34
1.137e+00 -1.230e+34
1.138e+00 -1.230e+34
1.139e+00 -1.230e+34
1.140e+00 -1.230e+34
1.141e+00 -1.230e+34
1.142e+00 -1.230e+34
1.143e+00 -1.230e+34
1.144e+00 -1.230e+34
1.145e+00 -1.230e+34
1.146e+00 -1.230e+34
1.147e+00 -1.230e+34
1.148e+00 -1.230e+34
1.149e+00 -1.230e+34
1.150e+00 -1.230e+34
1.151e+00 2.419e-01
1.152e+00 2.415e-01
1.153e+00 2.412e-01
1.154e+00 2.409e-01
1.155e+00 2.407e-01
1.156e+00 2.406e-01
1.157e+00 2.405e-01
1.158e+00 2.403e-01
1.159e+00 2.403e-01
1.160e+00 2.402e-01
1.161e+00 2.401e-01
1.162e+00 2.401e-01
1.163e+00 2.401e-01
1.164e+00 2.401e-01
1.165e+00 2.401e-01
1.166e+00 2.401e-01
1.167e+00 2.402e-01
1.168e+00 2.402e-01
1.169e+00 2.403e-01
1.170e+00 2.403e-01
1.171e+00 2.404e-01
1.172e+00 2.404e-01
1.173e+00 2.405e-01
1.174e+00 2.406e-01
1.175e+00 2.406e-01
1.176e+00 2.407e-01
1.177e+00 2.408e-01
1.178e+00 2.408e-01
1.179e+00 2.409e-01
1.180e+00 2.410e-01
1.181e+00 2.410e-01
1.182e+00 2.411e-01
1.183e+00 2.412e-01
1.184e+00 2.413e-01
1.185e+00 2.413e-01
1.186e+00 2.414e-01
1.187e+00 2.415e-01
1.188e+00 2.415e-01
1.189e+00 2.416e-01
1.190e+00 2.417e-01
1.191e+00 2.418e-01
1.192e+00 2.419e-01
1.193e+00 2.421e-01
1.194e+00 2.422e-01
1.195e+00 2.423e-01
1.196e+00 2.425e-01
1.197e+00 2.426e-01
1.198e+00 2.428e-01
1.199e+00 2.429e-01
1.200e+00 2.432e-01
1.201e+00 2.433e-01
1.202e+00 2.435e-01
1.203e+00 2.437e-01
1.204e+00 2.440e-01
1.205e+00 2.442e-01
1.206e+00 2.445e-01
1.207e+00 2.447e-01
1.208e+00 2.450e-01
1.209e+00 2.453e-01
1.210e+00 2.456e-01
1.211e+00 2.458e-01
1.212e+00 2.462e-01
1.213e+00 2.465e-01
1.214e+00 2.468e-01
1.215e+00 2.471e-01
1.216e+00 2.475e-01
1.217e+00 2.479e-01
1.218e+00 2.482e-01
1.219e+00 2.486e-01
1.220e+00 2.490e-01
1.221e+00 2.494e-01
1.222e+00 2.498e-01
1.223e+00 2.502e-01
1.224e+00 2.506e-01
1.225e+00 2.510e-01
1.226e+00 2.515e-01
1.227e+00 2.519e-01
1.228e+00 2.523e-01
1.229e+00 2.528e-01
1.230e+00 2.532e-01
1.231e+00 2.536e-01
1.232e+00 2.540e-01
1.233e+00 2.544e-01
1.234e+00 2.549e-01
1.235e+00 2.553e-01
1.236e+00 2.557e-01
1.237e+00 2.561e-01
1.238e+00 2.565e-01
1.239e+00 2.569e-01
1.240e+00 2.573e-01
1.241e+00 2.578e-01
1.242e+00 2.582e-01
1.243e+00 2.586e-01
1.244e+00 2.590e-01
1.245e+00 2.594e-01
1.246e+00 2.598e-01
1.247e+00 2.601e-01
1.248e+00 2.605e-01
1.249e+00 2.609e-01
1.250e+00 2.613e-01
1.251e+00 2.616e-01
1.252e+00 2.620e-01
1.253e+00 2.623e-01
1.254e+00 2.627e-01
1.255e+00 2.630e-01
1.256e+00 2.633e-01
1.257e+00 2.637e-01
1.258e+00 2.640e-01
1.259e+00 2.643e-01
1.260e+00 2.647e-01
1.261e+00 2.650e-01
1.262e+00 2.653e-01
1.263e+00 2.656e-01
1.264e+00 2.659e-01
1.265e+00 2.662e-01
1.266e+00 2.665e-01
1.267e+00 2.668e-01
1.268e+00 2.671e-01
1.269e+00 2.674e-01
1.270e+00 2.676e-01
1.271e+00 2.679e-01
1.272e+00 2.682e-01
1.273e+00 2.684e-01
1.274e+00 2.687e-01
1.275e+00 2.689e-01
1.276e+00 2.691e-01
1.277e+00 2.693e-01
1.278e+00 2.696e-01
1.279e+00 2.698e-01
1.280e+00 2.700e-01
1.281e+00 2.702e-01
1.282e+00 2.704e-01
1.283e+00 2.706e-01
1.284e+00 2.707e-01
1.285e+00 2.709e-01
1.286e+00 2.711e-01
1.287e+00 2.712e-01
1.288e+00 2.714e-01
1.289e+00 2.715e-01
1.290e+00 2.716e-01
1.291e+00 2.718e-01
1.292e+00 2.719e-01
1.293e+00 2.719e-01
1.294e+00 2.720e-01
1.295e+00 2.721e-01
1.296e+00 2.721e-01
1.297e+00 2.721e-01
1.298e+00 2.722e-01
1.299e+00 2.722e-01
1.300e+00 2.721e-01
1.301e+00 2.721e-01
1.302e+00 2.720e-01
1.303e+00 2.720e-01
1.304e+00 2.719e-01
1.305e+00 2.718e-01
1.306e+00 2.716e-01
1.307e+00 2.715e-01
1.308e+00 2.713e-01
1.309e+00 2.711e-01
1.310e+00 2.709e-01
1.311e+00 2.707e-01
1.312e+00 2.704e-01
1.313e+00 2.702e-01
1.314e+00 2.699e-01
1.315e+00 2.696e-01
1.316e+00 2.692e-01
1.317e+00 2.688e-01
1.318e+00 2.685e-01
1.319e+00 2.681e-01
1.320e+00 2.677e-01
1.321e+00 2.672e-01
1.322e+00 2.668e-01
1.323e+00 2.664e-01
1.324e+00 2.659e-01
1.325e+00 2.654e-01
1.326e+00 2.649e-01
1.327e+00 2.643e-01
1.328e+00 2.637e-01
1.329e+00 2.630e-01
1.330e+00 2.624e-01
1.331e+00 2.617e-01
1.332e+00 2.610e-01
1.333e+00 2.602e-01
1.334e+00 2.595e-01
1.335e+00 2.589e-01
1.336e+00 2.582e-01
1.337e+00 2.575e-01
1.338e+00 2.569e-01
1.339e+00 2.563e-01
1.340e+00 2.558e-01
1.341e+00 2.552e-01
1.342e+00 2.548e-01
1.343e+00 2.543e-01
1.344e+00 2.538e-01
1.345e+00 2.533e-01
1.346e+00 2.528e-01
1.347e+00 2.523e-01
1.348e+00 2.519e-01
1.349e+00 2.514e-01
1.350e+00 2.508e-01
1.351e+00 2.503e-01
1.352e+00 2.498e-01
1.353e+00 2.493e-01
1.354e+00 2.489e-01
1.355e+00 -1.230e+34
1.356e+00 -1.230e+34
1.357e+00 -1.230e+34
1.358e+00 -1.230e+34
1.359e+00 -1.230e+34
1.360e+00 -1.230e+34
1.361e+00 -1.230e+34
1.362e+00 -1.230e+34
1.363e+00 -1.230e+34
1.364e+00 -1.230e+34
1.365e+00 -1.230e+34
1.366e+00 -1.230e+34
1.367e+00 -1.230e+34
1.368e+00 -1.230e+34
1.369e+00 -1.230e+34
1.370e+00 -1.230e+34
1.371e+00 -1.230e+34
1.372e+00 -1.230e+34
1.373e+00 -1.230e+34
1.374e+00 -1.230e+34
1.375e+00 -1.230e+34
1.376e+00 -1.230e+34
1.377e+00 -1.230e+34
1.378e+00 -1.230e+34
1.379e+00 -1.230e+34
1.380e+00 -1.230e+34
1.381e+00 -1.230e+34
1.382e+00 -1.230e+34
1.383e+00 -1.230e+34
1.384e+00 -1.230e+34
1.385e+00 -1.230e+34
1.386e+00 -1.230e+34
1.387e+00 -1.230e+34
1.388e+00 -1.230e+34
1.389e+00 -1.230e+34
1.390e+00 -1.230e+34
1.391e+00 -1.230e+34
1.392e+00 -1.230e+34
1.393e+00 -1.230e+34
1.394e+00 -1.230e+34
1.395e+00 -1.230e+34
1.396e+00 -1.230e+34
1.397e+00 -1.230e+34
1.398e+00 -1.230e+34
1.399e+00 -1.230e+34
1.400e+00 -1.230e+34
1.401e+00 1.661e-01
1.402e+00 1.644e-01
1.403e+00 1.630e-01
1.404e+00 1.613e-01
1.405e+00 1.595e-01
1.406e+00 1.576e-01
1.407e+00 1.557e-01
1.408e+00 1.541e-01
1.409e+00 1.528e-01
1.410e+00 1.514e-01
1.411e+00 1.500e-01
1.412e+00 1.491e-01
1.413e+00 1.484e-01
1.414e+00 1.474e-01
1.415e+00 1.466e-01
1.416e+00 1.457e-01
1.417e+00 1.449e-01
1.418e+00 1.440e-01
1.419e+00 1.431e-01
1.420e+00 1.424e-01
1.421e+00 1.417e-01
1.422e+00 1.409e-01
1.423e+00 1.403e-01
1.424e+00 1.397e-01
1.425e+00 1.392e-01
1.426e+00 1.388e-01
1.427e+00 1.383e-01
1.428e+00 1.379e-01
1.429e+00 1.377e-01
1.430e+00 1.373e-01
1.431e+00 1.369e-01
1.432e+00 1.365e-01
1.433e+00 1.363e-01
1.434e+00 1.359e-01
1.435e+00 1.356e-01
1.436e+00 1.353e-01
1.437e+00 1.350e-01
1.438e+00 1.347e-01
1.439e+00 1.345e-01
1.440e+00 1.344e-01
1.441e+00 1.343e-01
1.442e+00 1.341e-01
1.443e+00 1.340e-01
1.444e+00 1.339e-01
1.445e+00 1.339e-01
1.446e+00 1.338e-01
1.447e+00 1.338e-01
1.448e+00 1.339e-01
1.449e+00 1.339e-01
1.450e+00 1.339e-01
1.451e+00 1.339e-01
1.452e+00 1.340e-01
1.453e+00 1.340e-01
1.454e+00 1.340e-01
1.455e+00 1.341e-01
1.456e+00 1.341e-01
1.457e+00 1.342e-01
1.458e+00 1.343e-01
1.459e+00 1.344e-01
1.460e+00 1.344e-01
1.461e+00 1.345e-01
1.462e+00 1.346e-01
1.463e+00 1.346e-01
1.464e+00 1.348e-01
1.465e+00 1.349e-01
1.466e+00 1.350e-01
1.467e+00 1.353e-01
1.468e+00 1.355e-01
1.469e+00 1.358e-01
1.470e+00 1.360e-01
1.471e+00 1.363e-01
1.472e+00 1.366e-01
1.473e+00 1.370e-01
1.474e+00 1.373e-01
1.475e+00 1.377e-01
1.476e+00 1.380e-01
1.477e+00 1.384e-01
1.478e+00 1.387e-01
1.479e+00 1.391e-01
1.480e+00 1.395e-01
1.481e+00 1.400e-01
1.482e+00 1.404e-01
1.483e+00 1.409e-01
1.484e+00 1.414e-01
1.485e+00 1.419e-01
1.486e+00 1.423e-01
1.487e+00 1.428e-01
1.488e+00 1.434e-01
1.489e+00 1.439e-01
1.490e+00 1.443e-01
1.491e+00 1.448e-01
1.492e+00 1.454e-01
1.493e+00 1.459e-01
1.494e+00 1.463e-01
1.495e+00 1.468e-01
1.496e+00 1.473e-01
1.497e+00 1.478e-01
1.498e+00 1.483e-01
1.499e+00 1.489e-01
1.500e+00 1.494e-01
1.501e+00 1.499e-01
1.502e+00 1.505e-01
1.503e+00 1.510e-01
1.504e+00 1.517e-01
1.505e+00 1.522e-01
1.506e+00 1.528e-01
1.507e+00 1.534e-01
1.508e+00 1.540e-01
1.509e+00 1.546e-01
1.510e+00 1.552e-01
1.511e+00 1.558e-01
1.512e+00 1.564e-01
1.513e+00 1.570e-01
1.514e+00 1.576e-01
1.515e+00 1.582e-01
1.516e+00 1.588e-01
1.517e+00 1.594e-01
1.518e+00 1.599e-01
1.519e+00 1.605e-01
1.520e+00 1.611e-01
1.521e+00 1.617e-01
1.522e+00 1.623e-01
1.523e+00 1.629e-01
1.524e+00 1.635e-01
1.525e+00 1.640e-01
1.526e+00 1.645e-01
1.527e+00 1.651e-01
1.528e+00 1.657e-01
1.529e+00 1.662e-01
1.530e+00 1.667e-01
1.531e+00 1.673e-01
1.532e+00 1.678e-01
1.533e+00 1.684e-01
1.534e+00 1.688e-01
1.535e+00 1.693e-01
1.536e+00 1.699e-01
1.537e+00 1.704e-01
1.538e+00 1.709e-01
1.539e+00 1.714e-01
1.540e+00 1.719e-01
1.541e+00 1.724e-01
1.542e+00 1.728e-01
1.543e+00 1.733e-01
1.544e+00 1.739e-01
1.545e+00 1.743e-01
1.546e+00 1.748e-01
1.547e+00 1.753e-01
1.548e+00 1.758e-01
1.549e+00 1.763e-01
1.550e+00 1.768e-01
1.551e+00 1.772e-01
1.552e+00 1.777e-01
1.553e+00 1.782e-01
1.554e+00 1.787e-01
1.555e+00 1.792e-01
1.556e+00 1.797e-01
1.557e+00 1.801e-01
1.558e+00 1.806e-01
1.559e+00 1.810e-01
1.560e+00 1.815e-01
1.561e+00 1.820e-01
1.562e+00 1.824e-01
1.563e+00 1.829e-01
1.564e+00 1.833e-01
1.565e+00 1.838e-01
1.566e+00 1.842e-01
1.567e+00 1.846e-01
1.568e+00 1.851e-01
1.569e+00 1.855e-01
1.570e+00 1.860e-01
1.571e+00 1.864e-01
1.572e+00 1.869e-01
1.573e+00 1.873e-01
1.574e+00 1.878e-01
1.575e+00 1.882e-01
1.576e+00 1.887e-01
1.577e+00 1.892e-01
1.578e+00 1.896e-01
1.579e+00 1.901e-01
1.580e+00 1.905e-01
1.581e+00 1.910e-01
1.582e+00 1.914e-01
1.583e+00 1.919e-01
1.584e+00 1.924e-01
1.585e+00 1.928e-01
1.586e+00 1.933e-01
1.587e+00 1.938e-01
1.588e+00 1.943e-01
1.589e+00 1.948e-01
1.590e+00 1.953e-01
1.591e+00 1.958e-01
1.592e+00 1.964e-01
1.593e+00 1.969e-01
1.594e+00 1.974e-01
1.595e+00 1.980e-01
1.596e+00 1.986e-01
1.597e+00 1.991e-01
1.598e+00 1.997e-01
1.599e+00 2.003e-01
1.600e+00 2.009e-01
1.601e+00 2.014e-01
1.602e+00 2.020e-01
1.603e+00 2.026e-01
1.604e+00 2.032e-01
1.605e+00 2.038e-01
1.606e+00 2.044e-01
1.607e+00 2.050e-01
1.608e+00 2.056e-01
1.609e+00 2.061e-01
1.610e+00 2.067e-01
1.611e+00 2.073e-01
1.612e+00 2.079e-01
1.613e+00 2.084e-01
1.614e+00 2.090e-01
1.615e+00 2.095e-01
1.616e+00 2.101e-01
1.617e+00 2.106e-01
1.618e+00 2.111e-01
1.619e+00 2.117e-01
1.620e+00 2.122e-01
1.621e+00 2.127e-01
1.622e+00 2.132e-01
1.623e+00 2.137e-01
1.624e+00 2.142e-01
1.625e+00 2.147e-01
1.626e+00 2.151e-01
1.627e+00 2.156e-01
1.628e+00 2.160e-01
1.629e+00 2.165e-01
1.630e+00 2.169e-01
1.631e+00 2.173e-01
1.632e+00 2.178e-01
1.633e+00 2.182e-01
1.634e+00 2.186e-01
1.635e+00 2.190e-01
1.636e+00 2.194e-01
1.637e+00 2.198e-01
1.638e+00 2.201e-01
1.639e+00 2.205e-01
1.640e+00 2.209e-01
1.641e+00 2.212e-01
1.642e+00 2.216e-01
1.643e+00 2.219e-01
1.644e+00 2.223e-01
1.645e+00 2.226e-01
1.646e+00 2.228e-01
1.647e+00 2.231e-01
1.648e+00 2.234e-01
1.649e+00 2.236e-01
1.650e+00 2.238e-01
1.651e+00 2.240e-01
1.652e+00 2.242e-01
1.653e+00 2.243e-01
1.654e+00 2.245e-01
1.655e+00 2.246e-01
1.656e+00 2.247e-01
1.657e+00 2.248e-01
1.658e+00 2.248e-01
1.659e+00 2.249e-01
1.660e+00 2.249e-01
1.661e+00 2.249e-01
1.662e+00 2.250e-01
1.663e+00 2.250e-01
1.664e+00 2.250e-01
1.665e+00 2.250e-01
1.666e+00 2.249e-01
1.667e+00 2.249e-01
1.668e+00 2.248e-01
1.669e+00 2.247e-01
1.670e+00 2.247e-01
1.671e+00 2.246e-01
1.672e+00 2.245e-01
1.673e+00 2.244e-01
1.674e+00 2.242e-01
1.675e+00 2.241e-01
1.676e+00 2.239e-01
1.677e+00 2.237e-01
1.678e+00 2.235e-01
1.679e+00 2.233e-01
1.680e+00 2.231e-01
1.681e+00 2.229e-01
1.682e+00 2.226e-01
1.683e+00 2.223e-01
1.684e+00 2.221e-01
1.685e+00 2.218e-01
1.686e+00 2.215e-01
1.687e+00 2.212e-01
1.688e+00 2.209e-01
1.689e+00 2.206e-01
1.690e+00 2.203e-01
1.691e+00 2.200e-01
1.692e+00 2.197e-01
1.693e+00 2.193e-01
1.694e+00 2.190e-01
1.695e+00 2.187e-01
1.696e+00 2.184e-01
1.697e+00 2.181e-01
1.698e+00 2.178e-01
1.699e+00 2.175e-01
1.700e+00 2.172e-01
1.701e+00 2.169e-01
1.702e+00 2.166e-01
1.703e+00 2.163e-01
1.704e+00 2.160e-01
1.705e+00 2.157e-01
1.706e+00 2.153e-01
1.707e+00 2.150e-01
1.708e+00 2.147e-01
1.709e+00 2.144e-01
1.710e+00 2.140e-01
1.711e+00 2.137e-01
1.712e+00 2.133e-01
1.713e+00 2.129e-01
1.714e+00 2.125e-01
1.715e+00 2.121e-01
1.716e+00 2.117e-01
1.717e+00 2.114e-01
1.718e+00 2.110e-01
1.719e+00 2.107e-01
1.720e+00 2.103e-01
1.721e+00 2.100e-01
1.722e+00 2.097e-01
1.723e+00 2.094e-01
1.724e+00 2.091e-01
1.725e+00 2.089e-01
1.726e+00 2.087e-01
1.727e+00 2.085e-01
1.728e+00 2.083e-01
1.729e+00 2.082e-01
1.730e+00 2.081e-01
1.731e+00 2.080e-01
1.732e+00 2.080e-01
1.733e+00 2.080e-01
1.734e+00 2.080e-01
1.735e+00 2.080e-01
1.736e+00 2.080e-01
1.737e+00 2.080e-01
1.738e+00 2.079e-01
1.739e+00 2.079e-01
1.740e+00 2.079e-01
1.741e+00 2.078e-01
1.742e+00 2.077e-01
1.743e+00 2.076e-01
1.744e+00 2.074e-01
1.745e+00 2.072e-01
1.746e+00 2.070e-01
1.747e+00 2.068e-01
1.748e+00 2.065e-01
1.749e+00 2.063e-01
1.750e+00 2.061e-01
1.751e+00 2.058e-01
1.752e+00 2.056e-01
1.753e+00 2.053e-01
1.754e+00 2.050e-01
1.755e+00 2.047e-01
1.756e+00 2.044e-01
1.757e+00 2.041e-01
1.758e+00 2.038e-01
1.759e+00 2.034e-01
1.760e+00 2.031e-01
1.761e+00 2.029e-01
1.762e+00 2.026e-01
1.763e+00 2.023e-01
1.764e+00 2.020e-01
1.765e+00 2.018e-01
1.766e+00 2.017e-01
1.767e+00 2.015e-01
1.768e+00 2.013e-01
1.769e+00 2.012e-01
1.770e+00 2.010e-01
1.771e+00 2.009e-01
1.772e+00 2.008e-01
1.773e+00 2.007e-01
1.774e+00 2.006e-01
1.775e+00 2.004e-01
1.776e+00 2.003e-01
1.777e+00 2.001e-01
1.778e+00 2.000e-01
1.779e+00 1.999e-01
1.780e+00 1.999e-01
1.781e+00 2.001e-01
1.782e+00 2.003e-01
1.783e+00 2.005e-01
1.784e+00 2.007e-01
1.785e+00 2.007e-01
1.786e+00 2.007e-01
1.787e+00 2.007e-01
1.788e+00 2.007e-01
1.789e+00 2.005e-01
1.790e+00 -1.230e+34
1.791e+00 -1.230e+34
1.792e+00 -1.230e+34
1.793e+00 -1.230e+34
1.794e+00 -1.230e+34
1.795e+00 -1.230e+34
1.796e+00 -1.230e+34
1.797e+00 -1.230e+34
1.798e+00 -1.230e+34
1.799e+00 -1.230e+34
1.800e+00 -1.230e+34
1.801e+00 -1.230e+34
1.802e+00 -1.230e+34
1.803e+00 -1.230e+34
1.804e+00 -1.230e+34
1.805e+00 -1.230e+34
1.806e+00 -1.230e+34
1.807e+00 -1.230e+34
1.808e+00 -1.230e+34
1.809e+00 -1.230e+34
1.810e+00 -1.230e+34
1.811e+00 -1.230e+34
1.812e+00 -1.230e+34
1.813e+00 -1.230e+34
1.814e+00 -1.230e+34
1.815e+00 -1.230e+34
1.816e+00 -1.230e+34
1.817e+00 -1.230e+34
1.818e+00 -1.230e+34
1.819e+00 -1.230e+34
1.820e+00 -1.230e+34
1.821e+00 -1.230e+34
1.822e+00 -1.230e+34
1.823e+00 -1.230e+34
1.824e+00 -1.230e+34
1.825e+00 -1.230e+34
1.826e+00 -1.230e+34
1.827e+00 -1.230e+34
1.828e+00 -1.230e+34
1.829e+00 -1.230e+34
1.830e+00 -1.230e+34
1.831e+00 -1.230e+34
1.832e+00 -1.230e+34
1.833e+00 -1.230e+34
1.834e+00 -1.230e+34
1.835e+00 -1.230e+34
1.836e+00 -1.230e+34
1.837e+00 -1.230e+34
1.838e+00 -1.230e+34
1.839e+00 -1.230e+34
1.840e+00 -1.230e+34
1.841e+00 -1.230e+34
1.842e+00 -1.230e+34
1.843e+00 -1.230e+34
1.844e+00 -1.230e+34
1.845e+00 -1.230e+34
1.846e+00 -1.230e+34
1.847e+00 -1.230e+34
1.848e+00 -1.230e+34
1.849e+00 -1.230e+34
1.850e+00 -1.230e+34
1.851e+00 -1.230e+34
1.852e+00 -1.230e+34
1.853e+00 -1.230e+34
1.854e+00 -1.230e+34
1.855e+00 -1.230e+34
1.856e+00 -1.230e+34
1.857e+00 -1.230e+34
1.858e+00 -1.230e+34
1.859e+00 -1.230e+34
1.860e+00 -1.230e+34
1.861e+00 -1.230e+34
1.862e+00 -1.230e+34
1.863e+00 -1.230e+34
1.864e+00 -1.230e+34
1.865e+00 -1.230e+34
1.866e+00 -1.230e+34
1.867e+00 -1.230e+34
1.868e+00 -1.230e+34
1.869e+00 -1.230e+34
1.870e+00 -1.230e+34
1.871e+00 -1.230e+34
1.872e+00 -1.230e+34
1.873e+00 -1.230e+34
1.874e+00 -1.230e+34
1.875e+00 -1.230e+34
1.876e+00 -1.230e+34
1.877e+00 -1.230e+34
1.878e+00 -1.230e+34
1.879e+00 -1.230e+34
1.880e+00 -1.230e+34
1.881e+00 -1.230e+34
1.882e+00 -1.230e+34
1.883e+00 -1.230e+34
1.884e+00 -1.230e+34
1.885e+00 -1.230e+34
1.886e+00 -1.230e+34
1.887e+00 -1.230e+34
1.888e+00 -1.230e+34
1.889e+00 -1.230e+34
1.890e+00 -1.230e+34
1.891e+00 -1.230e+34
1.892e+00 -1.230e+34
1.893e+00 -1.230e+34
1.894e+00 -1.230e+34
1.895e+00 -1.230e+34
1.896e+00 -1.230e+34
1.897e+00 -1.230e+34
1.898e+00 -1.230e+34
1.899e+00 -1.230e+34
1.900e+00 -1.230e+34
1.901e+00 -1.230e+34
1.902e+00 -1.230e+34
1.903e+00 -1.230e+34
1.904e+00 -1.230e+34
1.905e+00 -1.230e+34
1.906e+00 -1.230e+34
1.907e+00 -1.230e+34
1.908e+00 -1.230e+34
1.909e+00 -1.230e+34
1.910e+00 -1.230e+34
1.911e+00 -1.230e+34
1.912e+00 -1.230e+34
1.913e+00 -1.230e+34
1.914e+00 -1.230e+34
1.915e+00 -1.230e+34
1.916e+00 -1.230e+34
1.917e+00 -1.230e+34
1.918e+00 -1.230e+34
1.919e+00 -1.230e+34
1.920e+00 -1.230e+34
1.921e+00 -1.230e+34
1.922e+00 -1.230e+34
1.923e+00 -1.230e+34
1.924e+00 -1.230e+34
1.925e+00 -1.230e+34
1.926e+00 -1.230e+34
1.927e+00 -1.230e+34
1.928e+00 -1.230e+34
1.929e+00 -1.230e+34
1.930e+00 -1.230e+34
1.931e+00 -1.230e+34
1.932e+00 -1.230e+34
1.933e+00 -1.230e+34
1.934e+00 -1.230e+34
1.935e+00 -1.230e+34
1.936e+00 -1.230e+34
1.937e+00 -1.230e+34
1.938e+00 -1.230e+34
1.939e+00 -1.230e+34
1.940e+00 -1.230e+34
1.941e+00 8.605e-02
1.942e+00 8.699e-02
1.943e+00 8.801e-02
1.944e+00 8.877e-02
1.945e+00 8.946e-02
1.946e+00 9.015e-02
1.947e+00 9.052e-02
1.948e+00 9.094e-02
1.949e+00 9.130e-02
1.950e+00 9.148e-02
1.951e+00 9.184e-02
1.952e+00 9.237e-02
1.953e+00 9.312e-02
1.954e+00 9.399e-02
1.955e+00 9.482e-02
1.956e+00 9.550e-02
1.957e+00 9.614e-02
1.958e+00 9.687e-02
1.959e+00 9.779e-02
1.960e+00 9.850e-02
1.961e+00 9.904e-02
1.962e+00 9.981e-02
1.963e+00 1.006e-01
1.964e+00 1.012e-01
1.965e+00 1.017e-01
1.966e+00 1.021e-01
1.967e+00 1.025e-01
1.968e+00 1.028e-01
1.969e+00 1.032e-01
1.970e+00 1.035e-01
1.971e+00 1.039e-01
1.972e+00 1.044e-01
1.973e+00 1.050e-01
1.974e+00 1.055e-01
1.975e+00 1.059e-01
1.976e+00 1.063e-01
1.977e+00 1.068e-01
1.978e+00 1.073e-01
1.979e+00 1.078e-01
1.980e+00 1.083e-01
1.981e+00 1.088e-01
1.982e+00 1.093e-01
1.983e+00 1.098e-01
1.984e+00 1.103e-01
1.985e+00 1.107e-01
1.986e+00 1.111e-01
1.987e+00 1.115e-01
1.988e+00 1.119e-01
1.989e+00 1.123e-01
1.990e+00 1.127e-01
1.991e+00 1.130e-01
1.992e+00 1.134e-01
1.993e+00 1.137e-01
1.994e+00 1.140e-01
1.995e+00 1.142e-01
1.996e+00 1.144e-01
1.997e+00 1.147e-01
1.998e+00 1.150e-01
1.999e+00 1.153e-01
2.000e+00 1.157e-01
2.001e+00 1.161e-01
2.002e+00 1.165e-01
2.003e+00 1.170e-01
2.004e+00 1.174e-01
2.005e+00 1.178e-01
2.006e+00 1.182e-01
2.007e+00 1.183e-01
2.008e+00 1.184e-01
2.009e+00 1.186e-01
2.010e+00 1.189e-01
2.011e+00 1.191e-01
2.012e+00 1.194e-01
2.013e+00 1.197e-01
2.014e+00 1.200e-01
2.015e+00 1.201e-01
2.016e+00 1.204e-01
2.017e+00 1.205e-01
2.018e+00 1.205e-01
2.019e+00 1.206e-01
2.020e+00 1.206e-01
2.021e+00 1.205e-01
2.022e+00 1.204e-01
2.023e+00 1.203e-01
2.024e+00 1.202e-01
2.025e+00 1.201e-01
2.026e+00 1.201e-01
2.027e+00 1.200e-01
2.028e+00 1.199e-01
2.029e+00 1.198e-01
2.030e+00 1.197e-01
2.031e+00 1.196e-01
2.032e+00 1.194e-01
2.033e+00 1.192e-01
2.034e+00 1.191e-01
2.035e+00 1.189e-01
2.036e+00 1.187e-01
2.037e+00 1.186e-01
2.038e+00 1.184e-01
2.039e+00 1.181e-01
2.040e+00 1.178e-01
2.041e+00 1.175e-01
2.042e+00 1.173e-01
2.043e+00 1.170e-01
2.044e+00 1.168e-01
2.045e+00 1.166e-01
2.046e+00 1.163e-01
2.047e+00 1.161e-01
2.048e+00 1.159e-01
2.049e+00 1.156e-01
2.050e+00 1.153e-01
2.051e+00 1.150e-01
2.052e+00 1.148e-01
2.053e+00 1.145e-01
2.054e+00 1.142e-01
2.055e+00 1.140e-01
2.056e+00 1.138e-01
2.057e+00 1.136e-01
2.058e+00 1.133e-01
2.059e+00 1.131e-01
2.060e+00 1.129e-01
2.061e+00 1.127e-01
2.062e+00 1.125e-01
2.063e+00 1.123e-01
2.064e+00 1.121e-01
2.065e+00 1.121e-01
2.066e+00 1.119e-01
2.067e+00 1.118e-01
2.068e+00 1.117e-01
2.069e+00 1.115e-01
2.070e+00 1.114e-01
2.071e+00 1.113e-01
2.072e+00 1.113e-01
2.073e+00 1.112e-01
2.074e+00 1.112e-01
2.075e+00 1.110e-01
2.076e+00 1.109e-01
2.077e+00 1.108e-01
2.078e+00 1.108e-01
2.079e+00 1.108e-01
2.080e+00 1.107e-01
2.081e+00 1.107e-01
2.082e+00 1.107e-01
2.083e+00 1.107e-01
2.084e+00 1.107e-01
2.085e+00 1.108e-01
2.086e+00 1.108e-01
2.087e+00 1.108e-01
2.088e+00 1.109e-01
2.089e+00 1.110e-01
2.090e+00 1.110e-01
2.091e+00 1.110e-01
2.092e+00 1.111e-01
2.093e+00 1.112e-01
2.094e+00 1.112e-01
2.095e+00 1.112e-01
2.096e+00 1.113e-01
2.097e+00 1.114e-01
2.098e+00 1.115e-01
2.099e+00 1.115e-01
2.100e+00 1.116e-01
2.101e+00 1.117e-01
2.102e+00 1.118e-01
2.103e+00 1.119e-01
2.104e+00 1.121e-01
2.105e+00 1.123e-01
2.106e+00 1.124e-01
2.107e+00 1.125e-01
2.108e+00 1.125e-01
2.109e+00 1.127e-01
2.110e+00 1.128e-01
2.111e+00 1.130e-01
2.112e+00 1.131e-01
2.113e+00 1.133e-01
2.114e+00 1.134e-01
2.115e+00 1.137e-01
2.116e+00 1.139e-01
2.117e+00 1.142e-01
2.118e+00 1.144e-01
2.119e+00 1.147e-01
2.120e+00 1.149e-01
2.121e+00 1.151e-01
2.122e+00 1.153e-01
2.123e+00 1.155e-01
2.124e+00 1.157e-01
2.125e+00 1.159e-01
2.126e+00 1.162e-01
2.127e+00 1.165e-01
2.128e+00 1.168e-01
2.129e+00 1.171e-01
2.130e+00 1.173e-01
2.131e+00 1.174e-01
2.132e+00 1.177e-01
2.133e+00 1.179e-01
2.134e+00 1.182e-01
2.135e+00 1.185e-01
2.136e+00 1.188e-01
2.137e+00 1.191e-01
2.138e+00 1.195e-01
2.139e+00 1.197e-01
2.140e+00 1.200e-01
2.141e+00 1.202e-01
2.142e+00 1.205e-01
2.143e+00 1.208e-01
2.144e+00 1.211e-01
2.145e+00 1.214e-01
2.146e+00 1.216e-01
2.147e+00 1.220e-01
2.148e+00 1.223e-01
2.149e+00 1.226e-01
2.150e+00 1.229e-01
2.151e+00 1.232e-01
2.152e+00 1.234e-01
2.153e+00 1.236e-01
2.154e+00 1.238e-01
2.155e+00 1.240e-01
2.156e+00 1.243e-01
2.157e+00 1.245e-01
2.158e+00 1.247e-01
2.159e+00 1.250e-01
2.160e+00 1.253e-01
2.161e+00 1.256e-01
2.162e+00 1.259e-01
2.163e+00 1.262e-01
2.164e+00 1.265e-01
2.165e+00 1.268e-01
2.166e+00 1.271e-01
2.167e+00 1.273e-01
2.168e+00 1.275e-01
2.169e+00 1.278e-01
2.170e+00 1.280e-01
2.171e+00 1.282e-01
2.172e+00 1.284e-01
2.173e+00 1.287e-01
2.174e+00 1.290e-01
2.175e+00 1.293e-01
2.176e+00 1.296e-01
2.177e+00 1.299e-01
2.178e+00 1.302e-01
2.179e+00 1.305e-01
2.180e+00 1.307e-01
2.181e+00 1.310e-01
2.182e+00 1.313e-01
2.183e+00 1.315e-01
2.184e+00 1.317e-01
2.185e+00 1.319e-01
2.186e+00 1.322e-01
2.187e+00 1.324e-01
2.188e+00 1.326e-01
2.189e+00 1.328e-01
2.190e+00 1.331e-01
2.191e+00 1.333e-01
2.192e+00 1.336e-01
2.193e+00 1.338e-01
2.194e+00 1.341e-01
2.195e+00 1.343e-01
2.196e+00 1.345e-01
2.197e+00 1.347e-01
2.198e+00 1.348e-01
2.199e+00 1.350e-01
2.200e+00 1.352e-01
2.201e+00 1.354e-01
2.202e+00 1.356e-01
2.203e+00 1.357e-01
2.204e+00 1.358e-01
2.205e+00 1.360e-01
2.206e+00 1.361e-01
2.207e+00 1.363e-01
2.208e+00 1.364e-01
2.209e+00 1.365e-01
2.210e+00 1.366e-01
2.211e+00 1.367e-01
2.212e+00 1.367e-01
2.213e+00 1.368e-01
2.214e+00 1.369e-01
2.215e+00 1.369e-01
2.216e+00 1.368e-01
2.217e+00 1.369e-01
2.218e+00 1.368e-01
2.219e+00 1.368e-01
2.220e+00 1.368e-01
2.221e+00 1.367e-01
2.222e+00 1.366e-01
2.223e+00 1.365e-01
2.224e+00 1.362e-01
2.225e+00 1.360e-01
2.226e+00 1.358e-01
2.227e+00 1.356e-01
2.228e+00 1.353e-01
2.229e+00 1.350e-01
2.230e+00 1.346e-01
2.231e+00 1.343e-01
2.232e+00 1.338e-01
2.233e+00 1.334e-01
2.234e+00 1.329e-01
2.235e+00 1.324e-01
2.236e+00 1.320e-01
2.237e+00 1.314e-01
2.238e+00 1.308e-01
2.239e+00 1.301e-01
2.240e+00 1.295e-01
2.241e+00 1.288e-01
2.242e+00 1.282e-01
2.243e+00 1.276e-01
2.244e+00 1.270e-01
2.245e+00 1.263e-01
2.246e+00 1.256e-01
2.247e+00 1.248e-01
2.248e+00 1.241e-01
2.249e+00 1.234e-01
2.250e+00 1.227e-01
2.251e+00 1.220e-01
2.252e+00 1.214e-01
2.253e+00 1.208e-01
2.254e+00 1.201e-01
2.255e+00 1.195e-01
2.256e+00 1.189e-01
2.257e+00 1.182e-01
2.258e+00 1.175e-01
2.259e+00 1.168e-01
2.260e+00 1.162e-01
2.261e+00 1.156e-01
2.262e+00 1.150e-01
2.263e+00 1.143e-01
2.264e+00 1.138e-01
2.265e+00 1.133e-01
2.266e+00 1.127e-01
2.267e+00 1.122e-01
2.268e+00 1.118e-01
2.269e+00 1.114e-01
2.270e+00 1.109e-01
2.271e+00 1.105e-01
2.272e+00 1.101e-01
2.273e+00 1.098e-01
2.274e+00 1.095e-01
2.275e+00 1.092e-01
2.276e+00 1.090e-01
2.277e+00 1.088e-01
2.278e+00 1.086e-01
2.279e+00 1.084e-01
2.280e+00 1.081e-01
2.281e+00 1.080e-01
2.282e+00 1.078e-01
2.283e+00 1.077e-01
2.284e+00 1.078e-01
2.285e+00 1.078e-01
2.286e+00 1.078e-01
2.287e+00 1.076e-01
2.288e+00 1.075e-01
2.289e+00 1.073e-01
2.290e+00 1.071e-01
2.291e+00 1.068e-01
2.292e+00 1.066e-01
2.293e+00 1.063e-01
2.294e+00 1.060e-01
2.295e+00 1.055e-01
2.296e+00 1.051e-01
2.297e+00 1.047e-01
2.298e+00 1.043e-01
2.299e+00 1.040e-01
2.300e+00 1.037e-01
2.301e+00 1.033e-01
2.302e+00 1.028e-01
2.303e+00 1.023e-01
2.304e+00 1.018e-01
2.305e+00 1.015e-01
2.306e+00 1.011e-01
2.307e+00 1.007e-01
2.308e+00 1.004e-01
2.309e+00 1.001e-01
2.310e+00 9.978e-02
2.311e+00 9.936e-02
2.312e+00 9.890e-02
2.313e+00 9.862e-02
2.314e+00 9.846e-02
2.315e+00 9.824e-02
2.316e+00 9.801e-02
2.317e+00 9.788e-02
2.318e+00 9.780e-02
2.319e+00 9.777e-02
2.320e+00 9.779e-02
2.321e+00 9.779e-02
2.322e+00 9.773e-02
2.323e+00 9.759e-02
2.324e+00 9.739e-02
2.325e+00 9.721e-02
2.326e+00 9.700e-02
2.327e+00 9.685e-02
2.328e+00 9.679e-02
2.329e+00 9.663e-02
2.330e+00 9.643e-02
2.331e+00 9.622e-02
2.332e+00 9.601e-02
2.333e+00 9.577e-02
2.334e+00 9.542e-02
2.335e+00 9.510e-02
2.336e+00 9.489e-02
2.337e+00 9.469e-02
2.338e+00 9.453e-02
2.339e+00 9.436e-02
2.340e+00 9.411e-02
2.341e+00 9.398e-02
2.342e+00 9.387e-02
2.343e+00 9.385e-02
2.344e+00 9.386e-02
2.345e+00 9.374e-02
2.346e+00 9.354e-02
2.347e+00 9.331e-02
2.348e+00 9.316e-02
2.349e+00 9.301e-02
2.350e+00 9.287e-02
2.351e+00 9.267e-02
2.352e+00 9.253e-02
2.353e+00 9.242e-02
2.354e+00 9.227e-02
2.355e+00 9.232e-02
2.356e+00 9.242e-02
2.357e+00 9.259e-02
2.358e+00 9.277e-02
2.359e+00 9.298e-02
2.360e+00 9.324e-02
2.361e+00 9.342e-02
2.362e+00 9.350e-02
2.363e+00 9.345e-02
2.364e+00 9.337e-02
2.365e+00 9.321e-02
2.366e+00 9.309e-02
2.367e+00 9.299e-02
2.368e+00 9.273e-02
2.369e+00 9.242e-02
2.370e+00 9.206e-02
2.371e+00 9.180e-02
2.372e+00 9.166e-02
2.373e+00 9.166e-02
2.374e+00 9.172e-02
2.375e+00 9.174e-02
2.376e+00 9.185e-02
2.377e+00 9.187e-02
2.378e+00 9.187e-02
2.379e+00 9.161e-02
2.380e+00 9.132e-02
2.381e+00 9.129e-02
2.382e+00 9.118e-02
2.383e+00 9.074e-02
2.384e+00 9.022e-02
2.385e+00 9.005e-02
2.386e+00 9.001e-02
2.387e+00 8.989e-02
2.388e+00 8.968e-02
2.389e+00 8.974e-02
2.390e+00 8.989e-02
2.391e+00 8.995e-02
2.392e+00 9.008e-02
2.393e+00 9.016e-02
2.394e+00 9.009e-02
2.395e+00 9.012e-02
2.396e+00 9.015e-02
2.397e+00 8.992e-02
2.398e+00 8.972e-02
2.399e+00 8.938e-02
2.400e+00 8.899e-02
2.401e+00 8.864e-02
2.402e+00 8.830e-02
2.403e+00 8.800e-02
2.404e+00 8.746e-02
2.405e+00 8.693e-02
2.406e+00 8.673e-02
2.407e+00 8.683e-02
2.408e+00 8.701e-02
2.409e+00 8.710e-02
2.410e+00 8.696e-02
2.411e+00 8.667e-02
2.412e+00 8.618e-02
2.413e+00 8.567e-02
2.414e+00 8.519e-02
2.415e+00 8.443e-02
2.416e+00 8.373e-02
2.417e+00 8.321e-02
2.418e+00 8.262e-02
2.419e+00 8.210e-02
2.420e+00 8.199e-02
2.421e+00 8.207e-02
2.422e+00 8.211e-02
2.423e+00 8.223e-02
2.424e+00 8.226e-02
2.425e+00 8.203e-02
2.426e+00 8.155e-02
2.427e+00 8.110e-02
2.428e+00 8.065e-02
2.429e+00 8.020e-02
2.430e+00 7.991e-02
2.431e+00 7.961e-02
2.432e+00 7.908e-02
2.433e+00 7.816e-02
2.434e+00 7.723e-02
2.435e+00 7.649e-02
2.436e+00 7.593e-02
2.437e+00 7.574e-02
2.438e+00 7.590e-02
2.439e+00 7.569e-02
2.440e+00 7.513e-02
2.441e+00 7.480e-02
2.442e+00 7.407e-02
2.443e+00 7.319e-02
2.444e+00 7.267e-02
2.445e+00 7.212e-02
2.446e+00 7.085e-02
2.447e+00 6.926e-02
2.448e+00 6.726e-02
2.449e+00 6.541e-02
2.450e+00 6.526e-02
2.451e+00 6.571e-02
2.452e+00 6.652e-02
2.453e+00 6.716e-02
2.454e+00 6.719e-02
2.455e+00 6.735e-02
2.456e+00 6.765e-02
2.457e+00 6.785e-02
2.458e+00 6.769e-02
2.459e+00 6.689e-02
2.460e+00 -1.230e+34
2.461e+00 -1.230e+34
2.462e+00 -1.230e+34
2.463e+00 -1.230e+34
2.464e+00 -1.230e+34
2.465e+00 -1.230e+34
2.466e+00 -1.230e+34
2.467e+00 -1.230e+34
2.468e+00 -1.230e+34
2.469e+00 -1.230e+34
2.470e+00 -1.230e+34
2.471e+00 -1.230e+34
2.472e+00 -1.230e+34
2.473e+00 -1.230e+34
2.474e+00 -1.230e+34
2.475e+00 -1.230e+34
2.476e+00 -1.230e+34
2.477e+00 -1.230e+34
2.478e+00 -1.230e+34
2.479e+00 -1.230e+34
2.480e+00 -1.230e+34
2.481e+00 -1.230e+34
2.482e+00 -1.230e+34
2.483e+00 -1.230e+34
2.484e+00 -1.230e+34
2.485e+00 -1.230e+34
2.486e+00 -1.230e+34
2.487e+00 -1.230e+34
2.488e+00 -1.230e+34
2.489e+00 -1.230e+34
2.490e+00 -1.230e+34
2.491e+00 -1.230e+34
2.492e+00 -1.230e+34
2.493e+00 -1.230e+34
2.494e+00 -1.230e+34
2.495e+00 -1.230e+34
2.496e+00 -1.230e+34
2.497e+00 -1.230e+34
2.498e+00 -1.230e+34
2.499e+00 -1.230e+34
2.500e+00 -1.230e+34
