4.000e-01 1.167e+01
4.010e-01 1.177e+01
4.020e-01 1.187e+01
4.030e-01 1.222e+01
4.040e-01 1.195e+01
4.050e-01 1.223e+01
4.060e-01 1.199e+01
4.070e-01 1.260e+01
4.080e-01 1.269e+01
4.090e-01 1.261e+01
4.100e-01 1.234e+01
4.110e-01 1.243e+01
4.120e-01 1.252e+01
4.130e-01 1.252e+01
4.140e-01 1.269e+01
4.150e-01 1.278e+01
4.160e-01 1.278e+01
4.170e-01 1.287e+01
4.180e-01 1.289e+01
4.190e-01 1.307e+01
4.200e-01 1.319e+01
4.210e-01 1.306e+01
4.220e-01 1.310e+01
4.230e-01 1.324e+01
4.240e-01 1.338e+01
4.250e-01 1.347e+01
4.260e-01 1.334e+01
4.270e-01 1.342e+01
4.280e-01 1.342e+01
4.290e-01 1.360e+01
4.300e-01 1.373e+01
4.310e-01 1.360e+01
4.320e-01 1.360e+01
4.330e-01 1.377e+01
4.340e-01 1.378e+01
4.350e-01 1.378e+01
4.360e-01 1.412e+01
4.370e-01 1.412e+01
4.380e-01 1.412e+01
4.390e-01 1.421e+01
4.400e-01 1.421e+01
4.410e-01 1.429e+01
4.420e-01 1.429e+01
4.430e-01 1.429e+01
4.440e-01 1.429e+01
4.450e-01 1.429e+01
4.460e-01 1.446e+01
4.470e-01 1.467e+01
4.480e-01 1.472e+01
4.490e-01 1.455e+01
4.500e-01 1.463e+01
4.510e-01 1.467e+01
4.520e-01 1.462e+01
4.530e-01 1.496e+01
4.540e-01 1.498e+01
4.550e-01 1.526e+01
4.560e-01 1.527e+01
4.570e-01 1.527e+01
4.580e-01 1.517e+01
4.590e-01 1.516e+01
4.600e-01 1.519e+01
4.610e-01 1.519e+01
4.620e-01 1.535e+01
4.630e-01 1.535e+01
4.640e-01 1.526e+01
4.650e-01 1.530e+01
4.660e-01 1.543e+01
4.670e-01 1.543e+01
4.680e-01 1.551e+01
4.690e-01 1.538e+01
4.700e-01 1.539e+01
4.710e-01 1.552e+01
4.720e-01 1.551e+01
4.730e-01 1.551e+01
4.740e-01 1.569e+01
4.750e-01 1.586e+01
4.760e-01 1.599e+01
4.770e-01 1.551e+01
4.780e-01 1.584e+01
4.790e-01 1.597e+01
4.800e-01 1.605e+01
4.810e-01 1.597e+01
4.820e-01 1.605e+01
4.830e-01 1.605e+01
4.840e-01 1.613e+01
4.850e-01 1.613e+01
4.860e-01 1.612e+01
4.870e-01 1.635e+01
4.880e-01 1.651e+01
4.890e-01 1.660e+01
4.900e-01 1.667e+01
4.910e-01 1.648e+01
4.920e-01 1.656e+01
4.930e-01 1.630e+01
4.940e-01 1.659e+01
4.950e-01 1.673e+01
4.960e-01 1.658e+01
4.970e-01 1.679e+01
4.980e-01 1.680e+01
4.990e-01 1.679e+01
5.000e-01 1.679e+01
5.010e-01 1.688e+01
5.020e-01 1.702e+01
5.030e-01 1.699e+01
5.040e-01 1.708e+01
5.050e-01 1.719e+01
5.060e-01 1.720e+01
5.070e-01 1.720e+01
5.080e-01 1.711e+01
5.090e-01 1.710e+01
5.100e-01 1.736e+01
5.110e-01 1.748e+01
5.120e-01 1.739e+01
5.130e-01 1.739e+01
5.140e-01 1.759e+01
5.150e-01 1.760e+01
5.160e-01 1.758e+01
5.170e-01 1.758e+01
5.180e-01 1.757e+01
5.190e-01 1.770e+01
5.200e-01 1.772e+01
5.210e-01 1.786e+01
5.220e-01 1.784e+01
5.230e-01 1.799e+01
5.240e-01 1.784e+01
5.250e-01 1.782e+01
5.260e-01 1.809e+01
5.270e-01 1.812e+01
5.280e-01 1.838e+01
5.290e-01 1.821e+01
5.300e-01 1.820e+01
5.310e-01 1.833e+01
5.320e-01 1.849e+01
5.330e-01 1.849e+01
5.340e-01 1.850e+01
5.350e-01 1.864e+01
5.360e-01 1.877e+01
5.370e-01 1.881e+01
5.380e-01 1.894e+01
5.390e-01 1.919e+01
5.400e-01 1.927e+01
5.410e-01 1.927e+01
5.420e-01 1.912e+01
5.430e-01 1.928e+01
5.440e-01 1.942e+01
5.450e-01 1.940e+01
5.460e-01 1.967e+01
5.470e-01 1.965e+01
5.480e-01 1.946e+01
5.490e-01 1.986e+01
5.500e-01 1.996e+01
5.510e-01 1.991e+01
5.520e-01 2.001e+01
5.530e-01 2.037e+01
5.540e-01 2.005e+01
5.550e-01 2.031e+01
5.560e-01 2.030e+01
5.570e-01 2.028e+01
5.580e-01 2.020e+01
5.590e-01 2.106e+01
5.600e-01 2.119e+01
5.610e-01 2.119e+01
5.620e-01 2.139e+01
5.630e-01 2.163e+01
5.640e-01 2.156e+01
5.650e-01 2.176e+01
5.660e-01 2.169e+01
5.670e-01 2.175e+01
5.680e-01 2.177e+01
5.690e-01 2.213e+01
5.700e-01 2.208e+01
5.710e-01 2.219e+01
5.720e-01 2.234e+01
5.730e-01 2.241e+01
5.740e-01 2.264e+01
5.750e-01 2.270e+01
5.760e-01 2.256e+01
5.770e-01 2.276e+01
5.780e-01 2.288e+01
5.790e-01 2.294e+01
5.800e-01 2.280e+01
5.810e-01 2.301e+01
5.820e-01 2.290e+01
5.830e-01 2.299e+01
5.840e-01 2.316e+01
5.850e-01 2.341e+01
5.860e-01 2.336e+01
5.870e-01 2.337e+01
5.880e-01 2.325e+01
5.890e-01 2.349e+01
5.900e-01 2.364e+01
5.910e-01 2.368e+01
5.920e-01 2.394e+01
5.930e-01 2.395e+01
5.940e-01 2.398e+01
5.950e-01 2.397e+01
5.960e-01 2.390e+01
5.970e-01 2.403e+01
5.980e-01 2.414e+01
5.990e-01 2.412e+01
6.000e-01 2.418e+01
6.010e-01 2.423e+01
6.020e-01 2.443e+01
6.030e-01 2.440e+01
6.040e-01 2.439e+01
6.050e-01 2.444e+01
6.060e-01 2.435e+01
6.070e-01 2.434e+01
6.080e-01 2.458e+01
6.090e-01 2.473e+01
6.100e-01 2.482e+01
6.110e-01 2.496e+01
6.120e-01 2.506e+01
6.130e-01 2.498e+01
6.140e-01 2.509e+01
6.150e-01 2.513e+01
6.160e-01 2.514e+01
6.170e-01 2.528e+01
6.180e-01 2.528e+01
6.190e-01 2.541e+01
6.200e-01 2.542e+01
6.210e-01 2.532e+01
6.220e-01 2.562e+01
6.230e-01 2.561e+01
6.240e-01 2.565e+01
6.250e-01 2.570e+01
6.260e-01 2.579e+01
6.270e-01 2.588e+01
6.280e-01 2.592e+01
6.290e-01 2.583e+01
6.300e-01 2.608e+01
6.310e-01 2.624e+01
6.320e-01 2.596e+01
6.330e-01 2.608e+01
6.340e-01 2.636e+01
6.350e-01 2.610e+01
6.360e-01 2.603e+01
6.370e-01 2.622e+01
6.380e-01 2.641e+01
6.390e-01 2.641e+01
6.400e-01 2.643e+01
6.410e-01 2.645e+01
6.420e-01 2.650e+01
6.430e-01 2.668e+01
6.440e-01 2.669e+01
6.450e-01 2.647e+01
6.460e-01 2.658e+01
6.470e-01 2.674e+01
6.480e-01 2.676e+01
6.490e-01 2.657e+01
6.500e-01 2.673e+01
6.510e-01 2.680e+01
6.520e-01 2.708e+01
6.530e-01 2.719e+01
6.540e-01 2.716e+01
6.550e-01 2.738e+01
6.560e-01 2.739e+01
6.570e-01 2.732e+01
6.580e-01 2.732e+01
6.590e-01 2.728e+01
6.600e-01 2.718e+01
6.610e-01 2.721e+01
6.620e-01 2.754e+01
6.630e-01 2.723e+01
6.640e-01 2.736e+01
6.650e-01 2.789e+01
6.660e-01 2.781e+01
6.670e-01 2.780e+01
6.680e-01 2.788e+01
6.690e-01 2.791e+01
6.700e-01 2.790e+01
6.710e-01 2.788e+01
6.720e-01 2.762e+01
6.730e-01 2.762e+01
6.740e-01 2.774e+01
6.750e-01 2.822e+01
6.760e-01 2.838e+01
6.770e-01 2.847e+01
6.780e-01 2.817e+01
6.790e-01 2.846e+01
6.800e-01 2.848e+01
6.810e-01 2.848e+01
6.820e-01 2.839e+01
6.830e-01 2.860e+01
6.840e-01 2.858e+01
6.850e-01 2.872e+01
6.860e-01 2.877e+01
6.870e-01 2.879e+01
6.880e-01 2.890e+01
6.890e-01 2.866e+01
6.900e-01 2.890e+01
6.910e-01 2.889e+01
6.920e-01 2.890e+01
6.930e-01 2.885e+01
6.940e-01 2.898e+01
6.950e-01 2.915e+01
6.960e-01 2.911e+01
6.970e-01 2.931e+01
6.980e-01 2.944e+01
6.990e-01 2.933e+01
7.000e-01 2.934e+01
7.010e-01 2.933e+01
7.020e-01 2.944e+01
7.030e-01 2.956e+01
7.040e-01 2.977e+01
7.050e-01 2.977e+01
7.060e-01 2.976e+01
7.070e-01 2.989e+01
7.080e-01 2.995e+01
7.090e-01 3.015e+01
7.100e-01 3.018e+01
7.110e-01 2.999e+01
7.120e-01 3.007e+01
7.130e-01 2.989e+01
7.140e-01 2.999e+01
7.150e-01 3.035e+01
7.160e-01 3.051e+01
7.170e-01 3.042e+01
7.180e-01 3.042e+01
7.190e-01 3.042e+01
7.200e-01 3.054e+01
7.210e-01 3.055e+01
7.220e-01 3.062e+01
7.230e-01 3.084e+01
7.240e-01 3.079e+01
7.250e-01 3.096e+01
7.260e-01 3.098e+01
7.270e-01 3.067e+01
7.280e-01 3.095e+01
7.290e-01 3.093e+01
7.300e-01 3.111e+01
7.310e-01 3.105e+01
7.320e-01 3.124e+01
7.330e-01 3.113e+01
7.340e-01 3.116e+01
7.350e-01 3.122e+01
7.360e-01 3.128e+01
7.370e-01 3.147e+01
7.380e-01 3.150e+01
7.390e-01 3.155e+01
7.400e-01 3.177e+01
7.410e-01 3.167e+01
7.420e-01 3.165e+01
7.430e-01 3.162e+01
7.440e-01 3.159e+01
7.450e-01 3.169e+01
7.460e-01 3.164e+01
7.470e-01 3.196e+01
7.480e-01 3.199e+01
7.490e-01 3.187e+01
7.500e-01 3.191e+01
7.510e-01 3.193e+01
7.520e-01 3.190e+01
7.530e-01 3.221e+01
7.540e-01 3.218e+01
7.550e-01 3.223e+01
7.560e-01 3.224e+01
7.570e-01 3.223e+01
7.580e-01 3.223e+01
7.590e-01 3.218e+01
7.600e-01 3.249e+01
7.610e-01 3.249e+01
7.620e-01 3.251e+01
7.630e-01 3.260e+01
7.640e-01 3.257e+01
7.650e-01 3.250e+01
7.660e-01 3.262e+01
7.670e-01 3.286e+01
7.680e-01 3.274e+01
7.690e-01 3.264e+01
7.700e-01 3.280e+01
7.710e-01 3.281e+01
7.720e-01 3.321e+01
7.730e-01 3.321e+01
7.740e-01 3.296e+01
7.750e-01 3.285e+01
7.760e-01 3.291e+01
7.770e-01 3.293e+01
7.780e-01 3.325e+01
7.790e-01 3.321e+01
7.800e-01 3.313e+01
7.810e-01 3.315e+01
7.820e-01 3.313e+01
7.830e-01 3.311e+01
7.840e-01 3.320e+01
7.850e-01 3.319e+01
7.860e-01 3.328e+01
7.870e-01 3.338e+01
7.880e-01 3.339e+01
7.890e-01 3.330e+01
7.900e-01 3.369e+01
7.910e-01 3.336e+01
7.920e-01 3.367e+01
7.930e-01 3.362e+01
7.940e-01 3.333e+01
7.950e-01 3.363e+01
7.960e-01 3.357e+01
7.970e-01 3.366e+01
7.980e-01 3.347e+01
7.990e-01 3.347e+01
8.000e-01 3.396e+01
8.040e-01 3.417e+01
8.080e-01 3.439e+01
8.120e-01 3.437e+01
8.160e-01 3.455e+01
8.200e-01 3.464e+01
8.240e-01 3.478e+01
8.280e-01 3.494e+01
8.320e-01 3.508e+01
8.360e-01 3.521e+01
8.400e-01 3.535e+01
8.440e-01 3.560e+01
8.480e-01 3.571e+01
8.520e-01 3.577e+01
8.560e-01 3.577e+01
8.600e-01 3.572e+01
8.640e-01 3.622e+01
8.680e-01 3.630e+01
8.720e-01 3.630e+01
8.760e-01 3.638e+01
8.800e-01 3.660e+01
8.840e-01 3.682e+01
8.880e-01 3.680e+01
8.920e-01 3.682e+01
8.960e-01 3.706e+01
9.000e-01 3.739e+01
9.040e-01 3.744e+01
9.080e-01 3.750e+01
9.120e-01 3.766e+01
9.160e-01 3.773e+01
9.200e-01 3.790e+01
9.240e-01 3.810e+01
9.280e-01 3.840e+01
9.320e-01 3.837e+01
9.360e-01 3.862e+01
9.400e-01 3.885e+01
9.440e-01 3.910e+01
9.480e-01 3.915e+01
9.520e-01 3.909e+01
9.560e-01 3.928e+01
9.600e-01 3.927e+01
9.640e-01 3.951e+01
9.680e-01 3.977e+01
9.720e-01 3.961e+01
9.760e-01 3.996e+01
9.800e-01 4.014e+01
9.840e-01 4.025e+01
9.880e-01 4.053e+01
9.920e-01 4.008e+01
9.960e-01 4.065e+01
1.000e+00 4.080e+01
1.004e+00 4.082e+01
1.008e+00 4.079e+01
1.012e+00 4.106e+01
1.016e+00 4.102e+01
1.020e+00 4.106e+01
1.024e+00 4.132e+01
1.028e+00 4.150e+01
1.032e+00 4.171e+01
1.036e+00 4.156e+01
1.040e+00 4.166e+01
1.044e+00 4.179e+01
1.048e+00 4.184e+01
1.052e+00 4.217e+01
1.056e+00 4.229e+01
1.060e+00 4.228e+01
1.064e+00 4.234e+01
1.068e+00 4.239e+01
1.072e+00 4.233e+01
1.076e+00 4.233e+01
1.080e+00 4.228e+01
1.084e+00 4.247e+01
1.088e+00 4.298e+01
1.092e+00 4.281e+01
1.096e+00 4.289e+01
1.100e+00 4.296e+01
1.104e+00 4.276e+01
1.108e+00 4.285e+01
1.112e+00 4.312e+01
1.116e+00 4.333e+01
1.120e+00 4.349e+01
1.124e+00 4.350e+01
1.128e+00 4.354e+01
1.132e+00 4.345e+01
1.136e+00 4.346e+01
1.140e+00 4.361e+01
1.144e+00 4.354e+01
1.148e+00 4.367e+01
1.152e+00 4.394e+01
1.156e+00 4.387e+01
1.160e+00 4.413e+01
1.164e+00 4.416e+01
1.168e+00 4.413e+01
1.172e+00 4.426e+01
1.176e+00 4.416e+01
1.180e+00 4.432e+01
1.184e+00 4.436e+01
1.188e+00 4.459e+01
1.192e+00 4.467e+01
1.196e+00 4.450e+01
1.200e+00 4.465e+01
1.204e+00 4.480e+01
1.208e+00 4.491e+01
1.212e+00 4.476e+01
1.216e+00 4.494e+01
1.220e+00 4.503e+01
1.224e+00 4.511e+01
1.228e+00 4.497e+01
1.232e+00 4.512e+01
1.236e+00 4.532e+01
1.240e+00 4.528e+01
1.244e+00 4.555e+01
1.248e+00 4.564e+01
1.252e+00 4.560e+01
1.256e+00 4.570e+01
1.260e+00 4.604e+01
1.264e+00 4.596e+01
1.268e+00 4.604e+01
1.272e+00 4.597e+01
1.276e+00 4.602e+01
1.280e+00 4.610e+01
1.284e+00 4.621e+01
1.288e+00 4.630e+01
1.292e+00 4.626e+01
1.296e+00 4.621e+01
1.300e+00 4.638e+01
1.304e+00 4.636e+01
1.308e+00 4.618e+01
1.312e+00 4.635e+01
1.316e+00 4.631e+01
1.320e+00 4.628e+01
1.324e+00 4.639e+01
1.328e+00 4.650e+01
1.332e+00 4.642e+01
1.336e+00 4.635e+01
1.340e+00 4.644e+01
1.344e+00 4.660e+01
1.348e+00 4.631e+01
1.352e+00 4.672e+01
1.356e+00 4.661e+01
1.360e+00 4.655e+01
1.364e+00 4.630e+01
1.368e+00 4.623e+01
1.372e+00 4.602e+01
1.376e+00 4.580e+01
1.380e+00 4.559e+01
1.384e+00 4.544e+01
1.388e+00 4.531e+01
1.392e+00 4.516e+01
1.396e+00 4.473e+01
1.400e+00 4.463e+01
1.404e+00 4.447e+01
1.408e+00 4.450e+01
1.412e+00 4.471e+01
1.416e+00 4.476e+01
1.420e+00 4.513e+01
1.424e+00 4.523e+01
1.428e+00 4.536e+01
1.432e+00 4.541e+01
1.436e+00 4.560e+01
1.440e+00 4.563e+01
1.444e+00 4.554e+01
1.448e+00 4.560e+01
1.452e+00 4.564e+01
1.456e+00 4.572e+01
1.460e+00 4.587e+01
1.464e+00 4.585e+01
1.468e+00 4.585e+01
1.472e+00 4.572e+01
1.476e+00 4.570e+01
1.480e+00 4.591e+01
1.484e+00 4.616e+01
1.488e+00 4.642e+01
1.492e+00 4.647e+01
1.496e+00 4.651e+01
1.500e+00 4.642e+01
1.504e+00 4.659e+01
1.508e+00 4.683e+01
1.512e+00 4.694e+01
1.516e+00 4.683e+01
1.520e+00 4.709e+01
1.524e+00 4.721e+01
1.528e+00 4.724e+01
1.532e+00 4.724e+01
1.536e+00 4.717e+01
1.540e+00 4.732e+01
1.544e+00 4.750e+01
1.548e+00 4.737e+01
1.552e+00 4.770e+01
1.556e+00 4.777e+01
1.560e+00 4.794e+01
1.564e+00 4.792e+01
1.568e+00 4.807e+01
1.572e+00 4.805e+01
1.576e+00 4.776e+01
1.580e+00 4.782e+01
1.584e+00 4.805e+01
1.588e+00 4.803e+01
1.592e+00 4.788e+01
1.596e+00 4.792e+01
1.600e+00 4.790e+01
1.604e+00 4.780e+01
1.608e+00 4.765e+01
1.612e+00 4.765e+01
1.616e+00 4.802e+01
1.620e+00 4.820e+01
1.624e+00 4.817e+01
1.628e+00 4.810e+01
1.632e+00 4.823e+01
1.636e+00 4.861e+01
1.640e+00 4.846e+01
1.644e+00 4.836e+01
1.648e+00 4.848e+01
1.652e+00 4.836e+01
1.656e+00 4.857e+01
1.660e+00 4.851e+01
1.664e+00 4.872e+01
1.668e+00 4.859e+01
1.672e+00 4.827e+01
1.676e+00 4.851e+01
1.680e+00 4.854e+01
1.684e+00 4.868e+01
1.688e+00 4.854e+01
1.692e+00 4.863e+01
1.696e+00 4.844e+01
1.700e+00 4.852e+01
1.704e+00 4.833e+01
1.708e+00 4.857e+01
1.712e+00 4.853e+01
1.716e+00 4.878e+01
1.720e+00 4.873e+01
1.724e+00 4.863e+01
1.728e+00 4.874e+01
1.732e+00 4.858e+01
1.736e+00 4.854e+01
1.740e+00 4.863e+01
1.744e+00 4.842e+01
1.748e+00 4.856e+01
1.752e+00 4.879e+01
1.756e+00 4.879e+01
1.760e+00 4.876e+01
1.764e+00 4.879e+01
1.768e+00 4.880e+01
1.772e+00 4.866e+01
1.776e+00 4.890e+01
1.780e+00 4.879e+01
1.784e+00 4.902e+01
1.788e+00 4.900e+01
1.792e+00 4.895e+01
1.796e+00 4.892e+01
1.800e+00 4.905e+01
1.804e+00 4.917e+01
1.808e+00 4.910e+01
1.812e+00 4.910e+01
1.816e+00 4.903e+01
1.820e+00 4.884e+01
1.824e+00 4.893e+01
1.828e+00 4.886e+01
1.832e+00 4.874e+01
1.836e+00 4.900e+01
1.840e+00 4.903e+01
1.844e+00 4.880e+01
1.848e+00 4.872e+01
1.852e+00 4.883e+01
1.856e+00 4.895e+01
1.860e+00 4.858e+01
1.864e+00 4.848e+01
1.868e+00 4.785e+01
1.872e+00 4.721e+01
1.876e+00 4.655e+01
1.880e+00 4.605e+01
1.884e+00 4.529e+01
1.888e+00 4.420e+01
1.892e+00 4.315e+01
1.896e+00 4.215e+01
1.900e+00 4.148e+01
1.904e+00 4.086e+01
1.908e+00 4.081e+01
1.912e+00 4.075e+01
1.916e+00 4.107e+01
1.920e+00 4.133e+01
1.924e+00 4.138e+01
1.928e+00 4.155e+01
1.932e+00 4.163e+01
1.936e+00 4.189e+01
1.940e+00 4.231e+01
1.944e+00 4.222e+01
1.948e+00 4.245e+01
1.952e+00 4.272e+01
1.956e+00 4.291e+01
1.960e+00 4.304e+01
1.964e+00 4.324e+01
1.968e+00 4.346e+01
1.972e+00 4.352e+01
1.976e+00 4.391e+01
1.980e+00 4.425e+01
1.984e+00 4.441e+01
1.988e+00 4.469e+01
1.992e+00 4.519e+01
1.996e+00 4.544e+01
2.000e+00 4.565e+01
2.004e+00 4.561e+01
2.008e+00 4.561e+01
2.012e+00 4.589e+01
2.016e+00 4.587e+01
2.020e+00 4.620e+01
2.024e+00 4.604e+01
2.028e+00 4.594e+01
2.032e+00 4.604e+01
2.036e+00 4.618e+01
2.040e+00 4.620e+01
2.044e+00 4.623e+01
2.048e+00 4.636e+01
2.052e+00 4.653e+01
2.056e+00 4.660e+01
2.060e+00 4.679e+01
2.064e+00 4.686e+01
2.068e+00 4.693e+01
2.072e+00 4.669e+01
2.076e+00 4.670e+01
2.079e+00 4.667e+01
2.080e+00 4.674e+01
2.081e+00 4.676e+01
2.082e+00 4.687e+01
2.083e+00 4.679e+01
2.084e+00 4.674e+01
2.084e+00 4.673e+01
2.085e+00 4.670e+01
2.086e+00 4.665e+01
2.087e+00 4.666e+01
2.088e+00 4.671e+01
2.089e+00 4.675e+01
2.090e+00 4.677e+01
2.090e+00 4.681e+01
2.091e+00 4.689e+01
2.092e+00 4.689e+01
2.093e+00 4.682e+01
2.094e+00 4.676e+01
2.095e+00 4.674e+01
2.095e+00 4.673e+01
2.096e+00 4.669e+01
2.097e+00 4.665e+01
2.098e+00 4.668e+01
2.099e+00 4.675e+01
2.100e+00 4.680e+01
2.100e+00 4.686e+01
2.101e+00 4.689e+01
2.102e+00 4.689e+01
2.103e+00 4.686e+01
2.104e+00 4.679e+01
2.105e+00 4.678e+01
2.106e+00 4.683e+01
2.107e+00 4.683e+01
2.107e+00 4.682e+01
2.108e+00 4.684e+01
2.109e+00 4.680e+01
2.110e+00 4.670e+01
2.111e+00 4.661e+01
2.112e+00 4.657e+01
2.112e+00 4.659e+01
2.113e+00 4.665e+01
2.114e+00 4.676e+01
2.115e+00 4.682e+01
2.116e+00 4.680e+01
2.117e+00 4.675e+01
2.118e+00 4.679e+01
2.119e+00 4.683e+01
2.119e+00 4.683e+01
2.120e+00 4.683e+01
2.121e+00 4.682e+01
2.122e+00 4.676e+01
2.123e+00 4.674e+01
2.124e+00 4.676e+01
2.125e+00 4.679e+01
2.126e+00 4.681e+01
2.126e+00 4.680e+01
2.127e+00 4.676e+01
2.128e+00 4.673e+01
2.129e+00 4.672e+01
2.130e+00 4.670e+01
2.131e+00 4.666e+01
2.132e+00 4.664e+01
2.132e+00 4.666e+01
2.133e+00 4.666e+01
2.134e+00 4.663e+01
2.135e+00 4.666e+01
2.136e+00 4.669e+01
2.137e+00 4.668e+01
2.138e+00 4.667e+01
2.139e+00 4.673e+01
2.140e+00 4.678e+01
2.140e+00 4.672e+01
2.141e+00 4.662e+01
2.142e+00 4.662e+01
2.143e+00 4.664e+01
2.144e+00 4.664e+01
2.145e+00 4.667e+01
2.146e+00 4.670e+01
2.147e+00 4.669e+01
2.147e+00 4.664e+01
2.148e+00 4.660e+01
2.149e+00 4.659e+01
2.150e+00 4.655e+01
2.151e+00 4.647e+01
2.152e+00 4.640e+01
2.153e+00 4.631e+01
2.154e+00 4.625e+01
2.155e+00 4.624e+01
2.156e+00 4.627e+01
2.156e+00 4.630e+01
2.157e+00 4.631e+01
2.158e+00 4.626e+01
2.159e+00 4.618e+01
2.160e+00 4.611e+01
2.161e+00 4.605e+01
2.162e+00 4.602e+01
2.163e+00 4.598e+01
2.164e+00 4.597e+01
2.165e+00 4.597e+01
2.166e+00 4.591e+01
2.166e+00 4.586e+01
2.167e+00 4.585e+01
2.168e+00 4.580e+01
2.169e+00 4.576e+01
2.170e+00 4.572e+01
2.171e+00 4.567e+01
2.172e+00 4.561e+01
2.173e+00 4.557e+01
2.174e+00 4.555e+01
2.175e+00 4.555e+01
2.175e+00 4.555e+01
2.176e+00 4.552e+01
2.177e+00 4.543e+01
2.178e+00 4.536e+01
2.179e+00 4.534e+01
2.180e+00 4.535e+01
2.181e+00 4.529e+01
2.182e+00 4.526e+01
2.183e+00 4.523e+01
2.184e+00 4.512e+01
2.185e+00 4.503e+01
2.186e+00 4.500e+01
2.187e+00 4.500e+01
2.187e+00 4.498e+01
2.188e+00 4.492e+01
2.189e+00 4.487e+01
2.190e+00 4.483e+01
2.191e+00 4.477e+01
2.192e+00 4.472e+01
2.193e+00 4.468e+01
2.194e+00 4.463e+01
2.195e+00 4.458e+01
2.196e+00 4.454e+01
2.197e+00 4.450e+01
2.198e+00 4.446e+01
2.199e+00 4.441e+01
2.200e+00 4.435e+01
2.200e+00 4.428e+01
2.201e+00 4.423e+01
2.202e+00 4.415e+01
2.203e+00 4.406e+01
2.204e+00 4.398e+01
2.205e+00 4.388e+01
2.206e+00 4.378e+01
2.207e+00 4.369e+01
2.208e+00 4.366e+01
2.209e+00 4.370e+01
2.210e+00 4.380e+01
2.211e+00 4.392e+01
2.212e+00 4.407e+01
2.213e+00 4.424e+01
2.214e+00 4.437e+01
2.215e+00 4.448e+01
2.216e+00 4.458e+01
2.216e+00 4.468e+01
2.217e+00 4.478e+01
2.218e+00 4.487e+01
2.219e+00 4.495e+01
2.220e+00 4.503e+01
2.221e+00 4.510e+01
2.222e+00 4.515e+01
2.223e+00 4.517e+01
2.224e+00 4.517e+01
2.225e+00 4.518e+01
2.226e+00 4.521e+01
2.227e+00 4.522e+01
2.228e+00 4.526e+01
2.229e+00 4.528e+01
2.230e+00 4.529e+01
2.231e+00 4.532e+01
2.232e+00 4.536e+01
2.233e+00 4.538e+01
2.234e+00 4.539e+01
2.235e+00 4.541e+01
2.236e+00 4.544e+01
2.236e+00 4.544e+01
2.237e+00 4.542e+01
2.238e+00 4.543e+01
2.239e+00 4.546e+01
2.240e+00 4.549e+01
2.241e+00 4.551e+01
2.242e+00 4.551e+01
2.243e+00 4.551e+01
2.244e+00 4.551e+01
2.245e+00 4.544e+01
2.246e+00 4.538e+01
2.247e+00 4.535e+01
2.248e+00 4.533e+01
2.249e+00 4.533e+01
2.250e+00 4.531e+01
2.251e+00 4.530e+01
2.252e+00 4.533e+01
2.253e+00 4.532e+01
2.254e+00 4.528e+01
2.255e+00 4.525e+01
2.256e+00 4.524e+01
2.257e+00 4.527e+01
2.258e+00 4.528e+01
2.259e+00 4.526e+01
2.260e+00 4.524e+01
2.261e+00 4.526e+01
2.262e+00 4.525e+01
2.263e+00 4.520e+01
2.264e+00 4.517e+01
2.265e+00 4.516e+01
2.266e+00 4.518e+01
2.267e+00 4.519e+01
2.268e+00 4.517e+01
2.269e+00 4.516e+01
2.270e+00 4.515e+01
2.271e+00 4.511e+01
2.272e+00 4.506e+01
2.273e+00 4.505e+01
2.274e+00 4.508e+01
2.275e+00 4.513e+01
2.276e+00 4.514e+01
2.277e+00 4.514e+01
2.278e+00 4.514e+01
2.279e+00 4.516e+01
2.280e+00 4.515e+01
2.281e+00 4.514e+01
2.282e+00 4.513e+01
2.283e+00 4.511e+01
2.284e+00 4.508e+01
2.285e+00 4.502e+01
2.286e+00 4.496e+01
2.287e+00 4.493e+01
2.288e+00 4.491e+01
2.289e+00 4.489e+01
2.290e+00 4.491e+01
2.291e+00 4.493e+01
2.292e+00 4.491e+01
2.293e+00 4.486e+01
2.294e+00 4.481e+01
2.295e+00 4.477e+01
2.296e+00 4.473e+01
2.297e+00 4.468e+01
2.298e+00 4.464e+01
2.299e+00 4.461e+01
2.300e+00 4.460e+01
2.301e+00 4.458e+01
2.302e+00 4.454e+01
2.303e+00 4.448e+01
2.304e+00 4.444e+01
2.305e+00 4.439e+01
2.306e+00 4.435e+01
2.307e+00 4.431e+01
2.308e+00 4.432e+01
2.309e+00 4.433e+01
2.310e+00 4.431e+01
2.311e+00 4.429e+01
2.312e+00 4.428e+01
2.313e+00 4.428e+01
2.314e+00 4.426e+01
2.315e+00 4.423e+01
2.316e+00 4.421e+01
2.317e+00 4.420e+01
2.318e+00 4.417e+01
2.320e+00 4.414e+01
2.321e+00 4.411e+01
2.322e+00 4.409e+01
2.323e+00 4.405e+01
2.324e+00 4.403e+01
2.325e+00 4.403e+01
2.326e+00 4.404e+01
2.327e+00 4.403e+01
2.328e+00 4.400e+01
2.329e+00 4.396e+01
2.330e+00 4.392e+01
2.331e+00 4.385e+01
2.332e+00 4.382e+01
2.333e+00 4.380e+01
2.334e+00 4.375e+01
2.335e+00 4.369e+01
2.336e+00 4.364e+01
2.337e+00 4.362e+01
2.338e+00 4.359e+01
2.339e+00 4.354e+01
2.341e+00 4.352e+01
2.341e+00 4.348e+01
2.343e+00 4.339e+01
2.344e+00 4.331e+01
2.345e+00 4.327e+01
2.346e+00 4.324e+01
2.347e+00 4.321e+01
2.348e+00 4.318e+01
2.349e+00 4.318e+01
2.350e+00 4.318e+01
2.351e+00 4.317e+01
2.352e+00 4.315e+01
2.353e+00 4.314e+01
2.354e+00 4.314e+01
2.355e+00 4.316e+01
2.356e+00 4.317e+01
2.357e+00 4.318e+01
2.359e+00 4.319e+01
2.360e+00 4.317e+01
2.361e+00 4.316e+01
2.362e+00 4.316e+01
2.363e+00 4.317e+01
2.364e+00 4.319e+01
2.365e+00 4.320e+01
2.366e+00 4.320e+01
2.367e+00 4.317e+01
2.368e+00 4.313e+01
2.369e+00 4.309e+01
2.370e+00 4.301e+01
2.372e+00 4.293e+01
2.373e+00 4.287e+01
2.374e+00 4.283e+01
2.375e+00 4.283e+01
2.376e+00 4.285e+01
2.377e+00 4.288e+01
2.378e+00 4.288e+01
2.379e+00 4.285e+01
2.380e+00 4.277e+01
2.381e+00 4.267e+01
2.382e+00 4.259e+01
2.384e+00 4.257e+01
2.385e+00 4.257e+01
2.386e+00 4.254e+01
2.387e+00 4.251e+01
2.388e+00 4.250e+01
2.389e+00 4.247e+01
2.390e+00 4.244e+01
2.391e+00 4.246e+01
2.392e+00 4.250e+01
2.393e+00 4.251e+01
2.394e+00 4.248e+01
2.396e+00 4.246e+01
2.397e+00 4.244e+01
2.398e+00 4.241e+01
2.399e+00 4.241e+01
2.400e+00 4.242e+01
2.401e+00 4.242e+01
2.402e+00 4.241e+01
2.403e+00 4.239e+01
2.405e+00 4.236e+01
2.406e+00 4.230e+01
2.407e+00 4.226e+01
2.408e+00 4.226e+01
2.409e+00 4.224e+01
2.410e+00 4.219e+01
2.411e+00 4.215e+01
2.412e+00 4.210e+01
2.413e+00 4.203e+01
2.415e+00 4.197e+01
2.416e+00 4.194e+01
2.417e+00 4.192e+01
2.418e+00 4.189e+01
2.419e+00 4.185e+01
2.420e+00 4.179e+01
2.421e+00 4.171e+01
2.422e+00 4.161e+01
2.424e+00 4.152e+01
2.425e+00 4.141e+01
2.426e+00 4.134e+01
2.427e+00 4.129e+01
2.428e+00 4.125e+01
2.429e+00 4.120e+01
2.430e+00 4.113e+01
2.432e+00 4.106e+01
2.433e+00 4.100e+01
2.434e+00 4.093e+01
2.435e+00 4.088e+01
2.436e+00 4.083e+01
2.437e+00 4.075e+01
2.438e+00 4.068e+01
2.440e+00 4.061e+01
2.441e+00 4.056e+01
2.442e+00 4.050e+01
2.443e+00 4.043e+01
2.444e+00 4.038e+01
2.445e+00 4.033e+01
2.446e+00 4.025e+01
2.448e+00 4.016e+01
2.449e+00 4.010e+01
2.450e+00 4.006e+01
2.451e+00 4.000e+01
2.452e+00 3.994e+01
2.454e+00 3.990e+01
2.455e+00 3.986e+01
2.456e+00 3.980e+01
2.457e+00 3.973e+01
2.458e+00 3.970e+01
2.459e+00 3.969e+01
2.460e+00 3.970e+01
2.462e+00 3.969e+01
2.463e+00 3.964e+01
2.464e+00 3.957e+01
2.465e+00 3.951e+01
2.466e+00 3.946e+01
2.467e+00 3.940e+01
2.469e+00 3.933e+01
2.470e+00 3.927e+01
2.471e+00 3.923e+01
2.472e+00 3.916e+01
2.473e+00 3.911e+01
2.474e+00 3.909e+01
2.476e+00 3.908e+01
2.477e+00 3.904e+01
2.478e+00 3.899e+01
2.479e+00 3.893e+01
2.481e+00 3.889e+01
2.482e+00 3.885e+01
2.483e+00 3.879e+01
2.484e+00 3.874e+01
2.485e+00 3.871e+01
2.486e+00 3.866e+01
2.488e+00 3.863e+01
2.489e+00 3.861e+01
2.490e+00 3.860e+01
2.491e+00 3.859e+01
2.492e+00 3.859e+01
2.494e+00 3.859e+01
2.495e+00 3.856e+01
2.496e+00 3.851e+01
2.497e+00 3.847e+01
2.498e+00 3.843e+01
2.500e+00 3.840e+01
2.501e+00 3.837e+01
2.502e+00 3.836e+01
2.503e+00 3.835e+01
2.504e+00 3.832e+01
2.506e+00 3.830e+01
2.507e+00 3.827e+01
2.508e+00 3.825e+01
2.509e+00 3.823e+01
2.510e+00 3.822e+01
2.512e+00 3.823e+01
2.513e+00 3.822e+01
2.514e+00 3.821e+01
2.515e+00 3.819e+01
2.517e+00 3.819e+01
2.518e+00 3.818e+01
2.519e+00 3.817e+01
2.520e+00 3.817e+01
2.522e+00 3.818e+01
2.523e+00 3.818e+01
2.524e+00 3.819e+01
2.525e+00 3.820e+01
2.526e+00 3.817e+01
2.528e+00 3.814e+01
2.529e+00 3.813e+01
2.530e+00 3.812e+01
2.531e+00 3.811e+01
2.533e+00 3.813e+01
2.534e+00 3.815e+01
2.535e+00 3.814e+01
2.536e+00 3.811e+01
2.538e+00 3.810e+01
2.539e+00 3.811e+01
2.540e+00 3.810e+01
2.541e+00 3.810e+01
2.542e+00 3.810e+01
2.544e+00 3.809e+01
2.545e+00 3.809e+01
2.546e+00 3.811e+01
2.547e+00 3.814e+01
2.549e+00 3.813e+01
2.550e+00 3.810e+01
2.551e+00 3.808e+01
2.553e+00 3.805e+01
2.554e+00 3.802e+01
2.555e+00 3.803e+01
2.556e+00 3.804e+01
2.558e+00 3.802e+01
2.559e+00 3.795e+01
2.560e+00 3.785e+01
2.561e+00 3.779e+01
2.563e+00 3.778e+01
2.564e+00 3.782e+01
2.565e+00 3.786e+01
2.566e+00 3.786e+01
2.568e+00 3.784e+01
2.569e+00 3.777e+01
2.570e+00 3.766e+01
2.571e+00 3.759e+01
2.573e+00 3.757e+01
2.574e+00 3.759e+01
2.575e+00 3.762e+01
2.577e+00 3.763e+01
2.578e+00 3.766e+01
2.579e+00 3.763e+01
2.580e+00 3.759e+01
2.582e+00 3.754e+01
2.583e+00 3.749e+01
2.584e+00 3.745e+01
2.586e+00 3.743e+01
2.587e+00 3.743e+01
2.588e+00 3.747e+01
2.590e+00 3.745e+01
2.591e+00 3.733e+01
2.592e+00 3.716e+01
2.593e+00 3.702e+01
2.595e+00 3.696e+01
2.596e+00 3.697e+01
2.597e+00 3.705e+01
2.599e+00 3.716e+01
2.600e+00 3.722e+01
2.601e+00 3.715e+01
2.603e+00 3.701e+01
2.604e+00 3.691e+01
2.605e+00 3.685e+01
2.606e+00 3.684e+01
2.608e+00 3.685e+01
2.609e+00 3.690e+01
2.610e+00 3.695e+01
2.612e+00 3.692e+01
2.613e+00 3.684e+01
2.614e+00 3.677e+01
2.616e+00 3.665e+01
2.617e+00 3.653e+01
2.618e+00 3.645e+01
2.620e+00 3.642e+01
2.621e+00 3.641e+01
2.622e+00 3.637e+01
2.624e+00 3.630e+01
2.625e+00 3.626e+01
2.626e+00 3.614e+01
2.627e+00 3.599e+01
2.629e+00 3.589e+01
2.630e+00 3.582e+01
2.631e+00 3.576e+01
2.633e+00 3.567e+01
2.634e+00 3.562e+01
2.636e+00 3.558e+01
2.637e+00 3.550e+01
2.638e+00 3.540e+01
2.640e+00 3.529e+01
2.641e+00 3.517e+01
2.642e+00 3.502e+01
2.644e+00 3.487e+01
2.645e+00 3.474e+01
2.646e+00 3.461e+01
2.648e+00 3.444e+01
2.649e+00 3.427e+01
2.650e+00 3.410e+01
2.652e+00 3.392e+01
2.653e+00 3.371e+01
2.655e+00 3.353e+01
2.656e+00 3.334e+01
2.657e+00 3.313e+01
2.659e+00 3.289e+01
2.660e+00 3.264e+01
2.661e+00 3.233e+01
2.663e+00 3.195e+01
2.664e+00 3.156e+01
2.665e+00 3.117e+01
2.667e+00 3.075e+01
2.668e+00 3.037e+01
2.670e+00 3.004e+01
2.671e+00 2.971e+01
2.672e+00 2.931e+01
2.674e+00 2.887e+01
2.675e+00 2.839e+01
2.676e+00 2.784e+01
2.678e+00 2.721e+01
2.679e+00 2.654e+01
2.680e+00 2.581e+01
2.682e+00 2.497e+01
2.683e+00 2.404e+01
2.685e+00 2.298e+01
2.686e+00 2.175e+01
2.688e+00 2.041e+01
2.689e+00 1.898e+01
2.690e+00 1.748e+01
2.692e+00 1.597e+01
2.693e+00 1.456e+01
2.695e+00 1.330e+01
2.696e+00 1.218e+01
2.697e+00 1.120e+01
2.699e+00 1.034e+01
2.700e+00 9.595e+00
2.701e+00 9.010e+00
2.703e+00 8.593e+00
2.704e+00 8.373e+00
2.706e+00 8.334e+00
2.707e+00 8.415e+00
2.708e+00 8.572e+00
2.710e+00 8.734e+00
2.711e+00 8.856e+00
2.713e+00 8.939e+00
2.714e+00 8.945e+00
2.716e+00 8.854e+00
2.717e+00 8.686e+00
2.719e+00 8.445e+00
2.720e+00 8.173e+00
2.721e+00 7.898e+00
2.723e+00 7.623e+00
2.724e+00 7.383e+00
2.726e+00 7.175e+00
2.727e+00 6.985e+00
2.728e+00 6.824e+00
2.730e+00 6.660e+00
2.731e+00 6.500e+00
2.733e+00 6.335e+00
2.734e+00 6.162e+00
2.736e+00 6.017e+00
2.737e+00 5.909e+00
2.739e+00 5.832e+00
2.740e+00 5.777e+00
2.741e+00 5.717e+00
2.743e+00 5.642e+00
2.744e+00 5.557e+00
2.746e+00 5.463e+00
2.747e+00 5.368e+00
2.749e+00 5.287e+00
2.750e+00 5.210e+00
2.752e+00 5.117e+00
2.753e+00 5.012e+00
2.755e+00 4.918e+00
2.756e+00 4.829e+00
2.757e+00 4.743e+00
2.759e+00 4.682e+00
2.760e+00 4.680e+00
2.762e+00 4.727e+00
2.763e+00 4.808e+00
2.765e+00 4.898e+00
2.766e+00 4.983e+00
2.768e+00 5.051e+00
2.769e+00 5.118e+00
2.771e+00 5.190e+00
2.772e+00 5.256e+00
2.774e+00 5.320e+00
2.775e+00 5.376e+00
2.777e+00 5.393e+00
2.778e+00 5.388e+00
2.780e+00 5.387e+00
2.781e+00 5.407e+00
2.783e+00 5.453e+00
2.784e+00 5.512e+00
2.786e+00 5.560e+00
2.787e+00 5.580e+00
2.789e+00 5.571e+00
2.790e+00 5.551e+00
2.792e+00 5.523e+00
2.793e+00 5.508e+00
2.795e+00 5.526e+00
2.796e+00 5.547e+00
2.798e+00 5.561e+00
2.799e+00 5.565e+00
2.801e+00 5.558e+00
2.802e+00 5.562e+00
2.804e+00 5.576e+00
2.805e+00 5.593e+00
2.807e+00 5.615e+00
2.808e+00 5.610e+00
2.810e+00 5.588e+00
2.811e+00 5.547e+00
2.813e+00 5.511e+00
2.814e+00 5.515e+00
2.816e+00 5.518e+00
2.817e+00 5.510e+00
2.819e+00 5.512e+00
2.821e+00 5.505e+00
2.822e+00 5.482e+00
2.824e+00 5.456e+00
2.825e+00 5.449e+00
2.827e+00 5.450e+00
2.828e+00 5.435e+00
2.830e+00 5.415e+00
2.831e+00 5.406e+00
2.833e+00 5.399e+00
2.834e+00 5.394e+00
2.836e+00 5.386e+00
2.837e+00 5.378e+00
2.839e+00 5.362e+00
2.841e+00 5.332e+00
2.842e+00 5.314e+00
2.844e+00 5.308e+00
2.845e+00 5.297e+00
2.847e+00 5.290e+00
2.848e+00 5.282e+00
2.850e+00 5.268e+00
2.852e+00 5.256e+00
2.853e+00 5.221e+00
2.855e+00 5.192e+00
2.856e+00 5.181e+00
2.858e+00 5.182e+00
2.859e+00 5.185e+00
2.861e+00 5.176e+00
2.863e+00 5.158e+00
2.864e+00 5.137e+00
2.866e+00 5.095e+00
2.867e+00 5.050e+00
2.869e+00 5.029e+00
2.870e+00 5.029e+00
2.872e+00 5.038e+00
2.874e+00 5.046e+00
2.875e+00 5.052e+00
2.877e+00 5.044e+00
2.878e+00 5.018e+00
2.880e+00 4.987e+00
2.882e+00 4.958e+00
2.883e+00 4.940e+00
2.885e+00 4.941e+00
2.886e+00 4.944e+00
2.888e+00 4.938e+00
2.890e+00 4.940e+00
2.891e+00 4.945e+00
2.893e+00 4.943e+00
2.895e+00 4.932e+00
2.896e+00 4.916e+00
2.898e+00 4.896e+00
2.899e+00 4.873e+00
2.901e+00 4.851e+00
2.903e+00 4.836e+00
2.904e+00 4.817e+00
2.906e+00 4.789e+00
2.908e+00 4.768e+00
2.909e+00 4.752e+00
2.911e+00 4.742e+00
2.912e+00 4.750e+00
2.914e+00 4.766e+00
2.916e+00 4.773e+00
2.917e+00 4.763e+00
2.919e+00 4.742e+00
2.921e+00 4.730e+00
2.922e+00 4.720e+00
2.924e+00 4.718e+00
2.926e+00 4.724e+00
2.927e+00 4.727e+00
2.929e+00 4.727e+00
2.931e+00 4.710e+00
2.932e+00 4.699e+00
2.934e+00 4.700e+00
2.936e+00 4.700e+00
2.937e+00 4.696e+00
2.939e+00 4.688e+00
2.941e+00 4.685e+00
2.942e+00 4.693e+00
2.944e+00 4.709e+00
2.946e+00 4.734e+00
2.947e+00 4.759e+00
2.949e+00 4.780e+00
2.951e+00 4.787e+00
2.952e+00 4.771e+00
2.954e+00 4.741e+00
2.956e+00 4.714e+00
2.957e+00 4.698e+00
2.959e+00 4.682e+00
2.961e+00 4.677e+00
2.962e+00 4.691e+00
2.964e+00 4.716e+00
2.966e+00 4.736e+00
2.967e+00 4.759e+00
2.969e+00 4.786e+00
2.971e+00 4.803e+00
2.973e+00 4.820e+00
2.974e+00 4.848e+00
2.976e+00 4.881e+00
2.978e+00 4.916e+00
2.979e+00 4.940e+00
2.981e+00 4.963e+00
2.983e+00 4.968e+00
2.985e+00 4.951e+00
2.986e+00 4.939e+00
2.988e+00 4.948e+00
2.990e+00 4.962e+00
2.991e+00 4.979e+00
2.993e+00 5.000e+00
2.995e+00 5.023e+00
2.997e+00 5.027e+00
2.998e+00 5.028e+00
3.000e+00 5.046e+00
3.002e+00 5.064e+00
3.004e+00 5.077e+00
3.005e+00 5.096e+00
3.007e+00 5.105e+00
3.009e+00 5.098e+00
3.010e+00 5.085e+00
3.012e+00 5.092e+00
3.014e+00 5.113e+00
3.016e+00 5.127e+00
3.018e+00 5.147e+00
3.019e+00 5.170e+00
3.021e+00 5.172e+00
3.023e+00 5.167e+00
3.025e+00 5.171e+00
3.026e+00 5.181e+00
3.028e+00 5.189e+00
3.030e+00 5.195e+00
3.032e+00 5.207e+00
3.033e+00 5.218e+00
3.035e+00 5.226e+00
3.037e+00 5.239e+00
3.039e+00 5.261e+00
3.041e+00 5.279e+00
3.042e+00 5.295e+00
3.044e+00 5.313e+00
3.046e+00 5.333e+00
3.048e+00 5.343e+00
3.050e+00 5.348e+00
3.051e+00 5.363e+00
3.053e+00 5.383e+00
3.055e+00 5.401e+00
3.057e+00 5.419e+00
3.058e+00 5.434e+00
3.060e+00 5.449e+00
3.062e+00 5.462e+00
3.064e+00 5.481e+00
3.066e+00 5.501e+00
3.067e+00 5.531e+00
3.069e+00 5.571e+00
3.071e+00 5.598e+00
3.073e+00 5.611e+00
3.075e+00 5.631e+00
3.077e+00 5.658e+00
3.079e+00 5.680e+00
3.080e+00 5.688e+00
3.082e+00 5.698e+00
3.084e+00 5.715e+00
3.086e+00 5.725e+00
3.088e+00 5.736e+00
3.090e+00 5.762e+00
3.091e+00 5.792e+00
3.093e+00 5.811e+00
3.095e+00 5.835e+00
3.097e+00 5.872e+00
3.099e+00 5.912e+00
3.101e+00 5.944e+00
3.102e+00 5.969e+00
3.104e+00 5.997e+00
3.106e+00 6.014e+00
3.108e+00 6.028e+00
3.110e+00 6.054e+00
3.112e+00 6.092e+00
3.114e+00 6.136e+00
3.115e+00 6.170e+00
3.117e+00 6.202e+00
3.119e+00 6.234e+00
3.121e+00 6.263e+00
3.123e+00 6.298e+00
3.125e+00 6.326e+00
3.127e+00 6.359e+00
3.129e+00 6.402e+00
3.131e+00 6.440e+00
3.132e+00 6.478e+00
3.134e+00 6.518e+00
3.136e+00 6.564e+00
3.138e+00 6.606e+00
3.140e+00 6.642e+00
3.142e+00 6.691e+00
3.144e+00 6.735e+00
3.146e+00 6.765e+00
3.148e+00 6.795e+00
3.150e+00 6.827e+00
3.151e+00 6.860e+00
3.153e+00 6.901e+00
3.155e+00 6.962e+00
3.157e+00 7.038e+00
3.159e+00 7.100e+00
3.161e+00 7.144e+00
3.163e+00 7.184e+00
3.165e+00 7.220e+00
3.167e+00 7.261e+00
3.169e+00 7.322e+00
3.171e+00 7.387e+00
3.173e+00 7.447e+00
3.175e+00 7.495e+00
3.177e+00 7.535e+00
3.179e+00 7.569e+00
3.180e+00 7.602e+00
3.182e+00 7.648e+00
3.184e+00 7.706e+00
3.186e+00 7.769e+00
3.188e+00 7.831e+00
3.190e+00 7.887e+00
3.192e+00 7.937e+00
3.194e+00 7.976e+00
3.196e+00 8.011e+00
3.198e+00 8.050e+00
3.200e+00 8.082e+00
3.202e+00 8.127e+00
3.204e+00 8.190e+00
3.206e+00 8.253e+00
3.208e+00 8.310e+00
3.210e+00 8.360e+00
3.212e+00 8.408e+00
3.214e+00 8.453e+00
3.216e+00 8.484e+00
3.218e+00 8.521e+00
3.220e+00 8.574e+00
3.222e+00 8.619e+00
3.224e+00 8.659e+00
3.226e+00 8.720e+00
3.228e+00 8.790e+00
3.230e+00 8.845e+00
3.232e+00 8.890e+00
3.234e+00 8.934e+00
3.236e+00 8.988e+00
3.238e+00 9.028e+00
3.240e+00 9.072e+00
3.242e+00 9.138e+00
3.244e+00 9.201e+00
3.246e+00 9.241e+00
3.248e+00 9.274e+00
3.250e+00 9.313e+00
3.252e+00 9.365e+00
3.254e+00 9.416e+00
3.256e+00 9.475e+00
3.258e+00 9.545e+00
3.260e+00 9.607e+00
3.263e+00 9.671e+00
3.265e+00 9.739e+00
3.267e+00 9.802e+00
3.269e+00 9.866e+00
3.271e+00 9.929e+00
3.273e+00 9.989e+00
3.275e+00 1.005e+01
3.277e+00 1.010e+01
3.279e+00 1.016e+01
3.281e+00 1.023e+01
3.283e+00 1.029e+01
3.285e+00 1.036e+01
3.287e+00 1.043e+01
3.289e+00 1.050e+01
3.292e+00 1.055e+01
3.294e+00 1.060e+01
3.296e+00 1.066e+01
3.298e+00 1.073e+01
3.300e+00 1.079e+01
3.302e+00 1.087e+01
3.304e+00 1.095e+01
3.306e+00 1.102e+01
3.308e+00 1.108e+01
3.310e+00 1.113e+01
3.313e+00 1.118e+01
3.315e+00 1.122e+01
3.317e+00 1.126e+01
3.319e+00 1.132e+01
3.321e+00 1.139e+01
3.323e+00 1.145e+01
3.325e+00 1.150e+01
3.327e+00 1.154e+01
3.330e+00 1.157e+01
3.332e+00 1.160e+01
3.334e+00 1.164e+01
3.336e+00 1.167e+01
3.338e+00 1.169e+01
3.340e+00 1.170e+01
3.342e+00 1.171e+01
3.345e+00 1.170e+01
3.347e+00 1.171e+01
3.349e+00 1.172e+01
3.351e+00 1.171e+01
3.353e+00 1.170e+01
3.355e+00 1.168e+01
3.358e+00 1.164e+01
3.360e+00 1.160e+01
3.362e+00 1.155e+01
3.364e+00 1.150e+01
3.366e+00 1.145e+01
3.369e+00 1.141e+01
3.371e+00 1.137e+01
3.373e+00 1.133e+01
3.375e+00 1.129e+01
3.377e+00 1.127e+01
3.380e+00 1.126e+01
3.382e+00 1.127e+01
3.384e+00 1.130e+01
3.386e+00 1.134e+01
3.388e+00 1.136e+01
3.391e+00 1.135e+01
3.393e+00 1.132e+01
3.395e+00 1.128e+01
3.397e+00 1.122e+01
3.399e+00 1.115e+01
3.402e+00 1.109e+01
3.404e+00 1.103e+01
3.406e+00 1.097e+01
3.408e+00 1.090e+01
3.411e+00 1.084e+01
3.413e+00 1.080e+01
3.415e+00 1.078e+01
3.417e+00 1.078e+01
3.420e+00 1.082e+01
3.422e+00 1.091e+01
3.424e+00 1.106e+01
3.426e+00 1.125e+01
3.429e+00 1.146e+01
3.431e+00 1.169e+01
3.433e+00 1.189e+01
3.436e+00 1.208e+01
3.438e+00 1.226e+01
3.440e+00 1.241e+01
3.442e+00 1.255e+01
3.445e+00 1.267e+01
3.447e+00 1.277e+01
3.449e+00 1.288e+01
3.451e+00 1.297e+01
3.454e+00 1.307e+01
3.456e+00 1.316e+01
3.458e+00 1.326e+01
3.461e+00 1.336e+01
3.463e+00 1.345e+01
3.465e+00 1.354e+01
3.468e+00 1.362e+01
3.470e+00 1.368e+01
3.472e+00 1.373e+01
3.475e+00 1.376e+01
3.477e+00 1.379e+01
3.479e+00 1.385e+01
3.482e+00 1.390e+01
3.484e+00 1.395e+01
3.486e+00 1.401e+01
3.489e+00 1.406e+01
3.491e+00 1.407e+01
3.493e+00 1.404e+01
3.496e+00 1.400e+01
3.498e+00 1.394e+01
3.500e+00 1.388e+01
3.503e+00 1.385e+01
3.505e+00 1.391e+01
3.507e+00 1.405e+01
3.510e+00 1.427e+01
3.512e+00 1.457e+01
3.515e+00 1.490e+01
3.517e+00 1.523e+01
3.519e+00 1.554e+01
3.522e+00 1.582e+01
3.524e+00 1.608e+01
3.527e+00 1.631e+01
3.529e+00 1.652e+01
3.531e+00 1.671e+01
3.534e+00 1.688e+01
3.536e+00 1.704e+01
3.539e+00 1.718e+01
3.541e+00 1.732e+01
3.543e+00 1.745e+01
3.546e+00 1.758e+01
3.548e+00 1.771e+01
3.551e+00 1.783e+01
3.553e+00 1.794e+01
3.556e+00 1.804e+01
3.558e+00 1.815e+01
3.561e+00 1.826e+01
3.563e+00 1.836e+01
3.565e+00 1.848e+01
3.568e+00 1.859e+01
3.570e+00 1.869e+01
3.573e+00 1.878e+01
3.575e+00 1.887e+01
3.578e+00 1.895e+01
3.580e+00 1.904e+01
3.583e+00 1.913e+01
3.585e+00 1.922e+01
3.588e+00 1.931e+01
3.590e+00 1.939e+01
3.593e+00 1.949e+01
3.595e+00 1.957e+01
3.598e+00 1.964e+01
3.600e+00 1.972e+01
3.603e+00 1.980e+01
3.605e+00 1.987e+01
3.608e+00 1.996e+01
3.610e+00 2.005e+01
3.613e+00 2.014e+01
3.615e+00 2.022e+01
3.618e+00 2.029e+01
3.620e+00 2.036e+01
3.623e+00 2.044e+01
3.625e+00 2.052e+01
3.628e+00 2.059e+01
3.630e+00 2.068e+01
3.633e+00 2.075e+01
3.635e+00 2.081e+01
3.638e+00 2.087e+01
3.641e+00 2.093e+01
3.643e+00 2.099e+01
3.646e+00 2.104e+01
3.648e+00 2.110e+01
3.651e+00 2.118e+01
3.653e+00 2.125e+01
3.656e+00 2.132e+01
3.659e+00 2.139e+01
3.661e+00 2.144e+01
3.664e+00 2.150e+01
3.666e+00 2.157e+01
3.669e+00 2.162e+01
3.671e+00 2.170e+01
3.674e+00 2.176e+01
3.677e+00 2.182e+01
3.679e+00 2.187e+01
3.682e+00 2.191e+01
3.684e+00 2.196e+01
3.687e+00 2.203e+01
3.690e+00 2.210e+01
3.692e+00 2.217e+01
3.695e+00 2.223e+01
3.698e+00 2.227e+01
3.700e+00 2.231e+01
3.703e+00 2.233e+01
3.706e+00 2.236e+01
3.708e+00 2.239e+01
3.711e+00 2.244e+01
3.714e+00 2.249e+01
3.716e+00 2.255e+01
3.719e+00 2.261e+01
3.722e+00 2.266e+01
3.724e+00 2.271e+01
3.727e+00 2.275e+01
3.730e+00 2.280e+01
3.732e+00 2.287e+01
3.735e+00 2.293e+01
3.738e+00 2.300e+01
3.740e+00 2.307e+01
3.743e+00 2.314e+01
3.746e+00 2.321e+01
3.748e+00 2.327e+01
3.751e+00 2.335e+01
3.754e+00 2.343e+01
3.757e+00 2.353e+01
3.759e+00 2.362e+01
3.762e+00 2.371e+01
3.765e+00 2.379e+01
3.768e+00 2.386e+01
3.770e+00 2.392e+01
3.773e+00 2.397e+01
3.776e+00 2.403e+01
3.779e+00 2.410e+01
3.781e+00 2.417e+01
3.784e+00 2.424e+01
3.787e+00 2.431e+01
3.790e+00 2.439e+01
3.792e+00 2.448e+01
3.795e+00 2.456e+01
3.798e+00 2.464e+01
3.801e+00 2.472e+01
3.804e+00 2.478e+01
3.806e+00 2.482e+01
3.809e+00 2.487e+01
3.812e+00 2.492e+01
3.815e+00 2.496e+01
3.817e+00 2.501e+01
3.820e+00 2.506e+01
3.823e+00 2.510e+01
3.826e+00 2.514e+01
3.829e+00 2.516e+01
3.832e+00 2.520e+01
3.834e+00 2.523e+01
3.837e+00 2.527e+01
3.840e+00 2.532e+01
3.843e+00 2.538e+01
3.846e+00 2.543e+01
3.849e+00 2.548e+01
3.852e+00 2.553e+01
3.854e+00 2.559e+01
3.857e+00 2.564e+01
3.860e+00 2.570e+01
3.863e+00 2.575e+01
3.866e+00 2.580e+01
3.869e+00 2.585e+01
3.872e+00 2.591e+01
3.875e+00 2.599e+01
3.877e+00 2.607e+01
3.880e+00 2.613e+01
3.883e+00 2.618e+01
3.886e+00 2.623e+01
3.889e+00 2.627e+01
3.892e+00 2.633e+01
3.895e+00 2.639e+01
3.898e+00 2.647e+01
3.901e+00 2.653e+01
3.904e+00 2.659e+01
3.907e+00 2.664e+01
3.910e+00 2.668e+01
3.913e+00 2.672e+01
3.916e+00 2.676e+01
3.918e+00 2.680e+01
3.921e+00 2.682e+01
3.924e+00 2.685e+01
3.927e+00 2.687e+01
3.930e+00 2.689e+01
3.933e+00 2.691e+01
3.936e+00 2.693e+01
3.939e+00 2.695e+01
3.942e+00 2.695e+01
3.945e+00 2.694e+01
3.948e+00 2.692e+01
3.951e+00 2.691e+01
3.954e+00 2.691e+01
3.957e+00 2.690e+01
3.960e+00 2.689e+01
3.963e+00 2.691e+01
3.966e+00 2.692e+01
3.970e+00 2.692e+01
3.973e+00 2.691e+01
3.976e+00 2.690e+01
3.979e+00 2.689e+01
3.982e+00 2.687e+01
3.985e+00 2.687e+01
3.988e+00 2.689e+01
3.991e+00 2.692e+01
3.994e+00 2.694e+01
3.997e+00 2.695e+01
4.000e+00 2.695e+01
4.003e+00 2.696e+01
4.006e+00 2.699e+01
4.009e+00 2.702e+01
4.013e+00 2.705e+01
4.016e+00 2.709e+01
4.019e+00 2.712e+01
4.022e+00 2.715e+01
4.025e+00 2.718e+01
4.028e+00 2.722e+01
4.031e+00 2.726e+01
4.034e+00 2.729e+01
4.037e+00 2.732e+01
4.041e+00 2.733e+01
4.044e+00 2.735e+01
4.047e+00 2.737e+01
4.050e+00 2.739e+01
4.053e+00 2.741e+01
4.056e+00 2.743e+01
4.060e+00 2.745e+01
4.063e+00 2.745e+01
4.066e+00 2.745e+01
4.069e+00 2.745e+01
4.072e+00 2.744e+01
4.076e+00 2.744e+01
4.079e+00 2.743e+01
4.082e+00 2.743e+01
4.085e+00 2.742e+01
4.088e+00 2.740e+01
4.092e+00 2.736e+01
4.095e+00 2.731e+01
4.098e+00 2.726e+01
4.101e+00 2.722e+01
4.105e+00 2.718e+01
4.108e+00 2.714e+01
4.111e+00 2.710e+01
4.114e+00 2.705e+01
4.118e+00 2.699e+01
4.121e+00 2.694e+01
4.124e+00 2.690e+01
4.128e+00 2.686e+01
4.131e+00 2.682e+01
4.134e+00 2.678e+01
4.137e+00 2.675e+01
4.141e+00 2.673e+01
4.144e+00 2.670e+01
4.147e+00 2.667e+01
4.151e+00 2.664e+01
4.154e+00 2.660e+01
4.157e+00 2.656e+01
4.161e+00 2.653e+01
4.164e+00 2.649e+01
4.167e+00 2.645e+01
4.171e+00 2.641e+01
4.174e+00 2.636e+01
4.177e+00 2.629e+01
4.181e+00 2.622e+01
4.184e+00 2.615e+01
4.188e+00 2.610e+01
4.191e+00 2.605e+01
4.194e+00 2.601e+01
4.198e+00 2.599e+01
4.201e+00 2.598e+01
4.205e+00 2.595e+01
4.208e+00 2.592e+01
4.211e+00 2.590e+01
4.215e+00 2.587e+01
4.218e+00 2.583e+01
4.222e+00 2.578e+01
4.225e+00 2.573e+01
4.229e+00 2.567e+01
4.232e+00 2.562e+01
4.235e+00 2.559e+01
4.239e+00 2.559e+01
4.242e+00 2.562e+01
4.246e+00 2.564e+01
4.249e+00 2.564e+01
4.253e+00 2.561e+01
4.256e+00 2.554e+01
4.260e+00 2.544e+01
4.263e+00 2.532e+01
4.267e+00 2.520e+01
4.270e+00 2.511e+01
4.274e+00 2.504e+01
4.277e+00 2.500e+01
4.281e+00 2.498e+01
4.284e+00 2.497e+01
4.288e+00 2.498e+01
4.292e+00 2.500e+01
4.295e+00 2.501e+01
4.299e+00 2.504e+01
4.302e+00 2.507e+01
4.306e+00 2.512e+01
4.309e+00 2.516e+01
4.313e+00 2.519e+01
4.316e+00 2.521e+01
4.320e+00 2.521e+01
4.324e+00 2.519e+01
4.327e+00 2.517e+01
4.331e+00 2.513e+01
4.335e+00 2.508e+01
4.338e+00 2.502e+01
4.342e+00 2.493e+01
4.346e+00 2.483e+01
4.349e+00 2.471e+01
4.353e+00 2.457e+01
4.356e+00 2.441e+01
4.360e+00 2.424e+01
4.364e+00 2.405e+01
4.367e+00 2.385e+01
4.371e+00 2.365e+01
4.375e+00 2.344e+01
4.378e+00 2.323e+01
4.382e+00 2.301e+01
4.386e+00 2.280e+01
4.390e+00 2.257e+01
4.393e+00 2.235e+01
4.397e+00 2.212e+01
4.401e+00 2.191e+01
4.404e+00 2.172e+01
4.408e+00 2.154e+01
4.412e+00 2.136e+01
4.416e+00 2.119e+01
4.420e+00 2.103e+01
4.423e+00 2.086e+01
4.427e+00 2.072e+01
4.431e+00 2.059e+01
4.435e+00 2.046e+01
4.439e+00 2.032e+01
4.442e+00 2.016e+01
4.446e+00 1.999e+01
4.450e+00 1.981e+01
4.454e+00 1.962e+01
4.458e+00 1.945e+01
4.461e+00 1.932e+01
4.465e+00 1.922e+01
4.469e+00 1.919e+01
4.473e+00 1.921e+01
4.477e+00 1.926e+01
4.481e+00 1.934e+01
4.485e+00 1.943e+01
4.488e+00 1.954e+01
4.492e+00 1.967e+01
4.496e+00 1.985e+01
4.500e+00 2.008e+01
4.504e+00 2.035e+01
4.508e+00 2.067e+01
4.512e+00 2.100e+01
4.516e+00 2.134e+01
4.520e+00 2.168e+01
4.524e+00 2.200e+01
4.528e+00 2.228e+01
4.532e+00 2.254e+01
4.536e+00 2.276e+01
4.540e+00 2.295e+01
4.543e+00 2.312e+01
4.548e+00 2.326e+01
4.551e+00 2.338e+01
4.556e+00 2.348e+01
4.559e+00 2.356e+01
4.564e+00 2.361e+01
4.567e+00 2.364e+01
4.572e+00 2.364e+01
4.576e+00 2.361e+01
4.580e+00 2.357e+01
4.584e+00 2.352e+01
4.588e+00 2.345e+01
4.592e+00 2.340e+01
4.596e+00 2.335e+01
4.600e+00 2.328e+01
4.604e+00 2.321e+01
4.608e+00 2.311e+01
4.612e+00 2.301e+01
4.616e+00 2.288e+01
4.620e+00 2.274e+01
4.625e+00 2.258e+01
4.629e+00 2.241e+01
4.633e+00 2.222e+01
4.637e+00 2.201e+01
4.641e+00 2.178e+01
4.645e+00 2.155e+01
4.649e+00 2.130e+01
4.654e+00 2.104e+01
4.658e+00 2.078e+01
4.662e+00 2.051e+01
4.666e+00 2.024e+01
4.670e+00 2.000e+01
4.675e+00 1.979e+01
4.679e+00 1.966e+01
4.683e+00 1.962e+01
4.687e+00 1.968e+01
4.691e+00 1.984e+01
4.696e+00 2.005e+01
4.700e+00 2.028e+01
4.704e+00 2.050e+01
4.709e+00 2.068e+01
4.713e+00 2.081e+01
4.717e+00 2.090e+01
4.721e+00 2.094e+01
4.726e+00 2.095e+01
4.730e+00 2.093e+01
4.734e+00 2.088e+01
4.739e+00 2.082e+01
4.743e+00 2.076e+01
4.747e+00 2.069e+01
4.752e+00 2.061e+01
4.756e+00 2.052e+01
4.761e+00 2.043e+01
4.765e+00 2.032e+01
4.769e+00 2.020e+01
4.774e+00 2.007e+01
4.778e+00 1.995e+01
4.782e+00 1.983e+01
4.787e+00 1.970e+01
4.791e+00 1.957e+01
4.796e+00 1.942e+01
4.800e+00 1.926e+01
4.805e+00 1.909e+01
4.809e+00 1.892e+01
4.814e+00 1.874e+01
4.818e+00 1.856e+01
4.822e+00 1.838e+01
4.827e+00 1.819e+01
4.832e+00 1.797e+01
4.836e+00 1.774e+01
4.840e+00 1.749e+01
4.845e+00 1.722e+01
4.849e+00 1.694e+01
4.854e+00 1.664e+01
4.859e+00 1.631e+01
4.863e+00 1.593e+01
4.868e+00 1.551e+01
4.872e+00 1.504e+01
4.877e+00 1.452e+01
4.881e+00 1.395e+01
4.886e+00 1.335e+01
4.891e+00 1.271e+01
4.895e+00 1.206e+01
4.900e+00 1.141e+01
4.905e+00 1.081e+01
4.909e+00 1.026e+01
4.914e+00 9.781e+00
4.919e+00 9.395e+00
4.923e+00 9.093e+00
4.928e+00 8.862e+00
4.933e+00 8.681e+00
4.937e+00 8.530e+00
4.942e+00 8.388e+00
4.947e+00 8.235e+00
4.951e+00 8.058e+00
4.956e+00 7.855e+00
4.961e+00 7.630e+00
4.966e+00 7.392e+00
4.970e+00 7.159e+00
4.975e+00 6.947e+00
4.980e+00 6.767e+00
4.985e+00 6.616e+00
4.990e+00 6.501e+00
4.994e+00 6.416e+00
4.999e+00 6.356e+00
5.004e+00 6.312e+00
5.009e+00 6.287e+00
5.014e+00 6.275e+00
5.019e+00 6.273e+00
5.023e+00 6.272e+00
5.028e+00 6.277e+00
5.033e+00 6.287e+00
5.038e+00 6.292e+00
5.043e+00 6.288e+00
5.048e+00 6.281e+00
5.053e+00 6.277e+00
5.058e+00 6.278e+00
5.063e+00 6.286e+00
5.068e+00 6.310e+00
5.073e+00 6.354e+00
5.077e+00 6.411e+00
5.082e+00 6.481e+00
5.088e+00 6.569e+00
5.093e+00 6.659e+00
5.098e+00 6.739e+00
5.103e+00 6.804e+00
5.107e+00 6.845e+00
5.113e+00 6.860e+00
5.118e+00 6.854e+00
5.123e+00 6.840e+00
5.128e+00 6.828e+00
5.133e+00 6.820e+00
5.138e+00 6.824e+00
5.143e+00 6.841e+00
5.148e+00 6.861e+00
5.153e+00 6.882e+00
5.158e+00 6.908e+00
5.163e+00 6.936e+00
5.169e+00 6.960e+00
5.174e+00 6.979e+00
5.179e+00 6.995e+00
5.184e+00 7.008e+00
5.189e+00 7.005e+00
5.194e+00 6.974e+00
5.200e+00 6.915e+00
5.205e+00 6.822e+00
5.210e+00 6.690e+00
5.215e+00 6.521e+00
5.221e+00 6.321e+00
5.226e+00 6.097e+00
5.231e+00 5.857e+00
5.237e+00 5.616e+00
5.242e+00 5.386e+00
5.247e+00 5.179e+00
5.252e+00 4.996e+00
5.258e+00 4.841e+00
5.263e+00 4.713e+00
5.268e+00 4.598e+00
5.274e+00 4.488e+00
5.279e+00 4.392e+00
5.285e+00 4.309e+00
5.290e+00 4.239e+00
5.295e+00 4.176e+00
5.301e+00 4.130e+00
5.306e+00 4.096e+00
5.312e+00 4.060e+00
5.317e+00 4.022e+00
5.322e+00 3.992e+00
5.328e+00 3.969e+00
5.333e+00 3.948e+00
5.339e+00 3.929e+00
5.345e+00 3.921e+00
5.350e+00 3.921e+00
5.356e+00 3.928e+00
5.361e+00 3.957e+00
5.367e+00 4.014e+00
5.372e+00 4.091e+00
5.378e+00 4.192e+00
5.383e+00 4.321e+00
5.389e+00 4.475e+00
5.394e+00 4.652e+00
5.400e+00 4.850e+00
5.406e+00 5.059e+00
5.411e+00 5.274e+00
5.417e+00 5.486e+00
5.423e+00 5.688e+00
5.428e+00 5.864e+00
5.434e+00 6.003e+00
5.440e+00 6.106e+00
5.446e+00 6.170e+00
5.451e+00 6.181e+00
5.457e+00 6.153e+00
5.463e+00 6.094e+00
5.468e+00 6.011e+00
5.474e+00 5.911e+00
5.480e+00 5.803e+00
5.486e+00 5.697e+00
5.492e+00 5.584e+00
5.497e+00 5.458e+00
5.503e+00 5.325e+00
5.509e+00 5.189e+00
5.515e+00 5.056e+00
5.521e+00 4.930e+00
5.527e+00 4.812e+00
5.533e+00 4.701e+00
5.539e+00 4.591e+00
5.545e+00 4.492e+00
5.551e+00 4.407e+00
5.556e+00 4.330e+00
5.562e+00 4.260e+00
5.568e+00 4.198e+00
5.574e+00 4.148e+00
5.580e+00 4.106e+00
5.586e+00 4.076e+00
5.592e+00 4.064e+00
5.598e+00 4.064e+00
5.604e+00 4.065e+00
5.611e+00 4.072e+00
5.617e+00 4.092e+00
5.623e+00 4.126e+00
5.629e+00 4.181e+00
5.635e+00 4.261e+00
5.641e+00 4.366e+00
5.647e+00 4.496e+00
5.653e+00 4.641e+00
5.660e+00 4.794e+00
5.666e+00 4.942e+00
5.672e+00 5.066e+00
5.678e+00 5.162e+00
5.684e+00 5.219e+00
5.691e+00 5.233e+00
5.697e+00 5.213e+00
5.703e+00 5.165e+00
5.709e+00 5.096e+00
5.716e+00 5.013e+00
5.722e+00 4.920e+00
5.728e+00 4.819e+00
5.735e+00 4.710e+00
5.741e+00 4.595e+00
5.747e+00 4.478e+00
5.754e+00 4.359e+00
5.760e+00 4.244e+00
5.767e+00 4.137e+00
5.773e+00 4.035e+00
5.779e+00 3.936e+00
5.786e+00 3.842e+00
5.792e+00 3.740e+00
5.799e+00 3.626e+00
5.805e+00 3.510e+00
5.812e+00 3.392e+00
5.818e+00 3.283e+00
5.825e+00 3.183e+00
5.831e+00 3.094e+00
5.838e+00 3.006e+00
5.845e+00 2.907e+00
5.851e+00 2.805e+00
5.858e+00 2.699e+00
5.864e+00 2.584e+00
5.871e+00 2.474e+00
5.878e+00 2.372e+00
5.884e+00 2.277e+00
5.891e+00 2.187e+00
5.898e+00 2.104e+00
5.904e+00 2.032e+00
5.911e+00 1.959e+00
5.918e+00 1.886e+00
5.925e+00 1.825e+00
5.931e+00 1.776e+00
5.938e+00 1.738e+00
5.945e+00 1.717e+00
5.952e+00 1.713e+00
5.959e+00 1.718e+00
5.966e+00 1.721e+00
5.973e+00 1.723e+00
5.979e+00 1.730e+00
5.986e+00 1.735e+00
5.993e+00 1.733e+00
6.000e+00 1.731e+00
6.007e+00 1.729e+00
6.014e+00 1.727e+00
6.021e+00 1.720e+00
6.028e+00 1.705e+00
6.035e+00 1.692e+00
6.042e+00 1.681e+00
6.049e+00 1.668e+00
6.056e+00 1.655e+00
6.063e+00 1.649e+00
6.070e+00 1.652e+00
6.078e+00 1.654e+00
6.085e+00 1.641e+00
6.092e+00 1.620e+00
6.099e+00 1.594e+00
6.106e+00 1.567e+00
6.113e+00 1.537e+00
6.121e+00 1.511e+00
6.128e+00 1.492e+00
6.135e+00 1.478e+00
6.142e+00 1.462e+00
6.150e+00 1.441e+00
6.157e+00 1.418e+00
6.164e+00 1.397e+00
6.172e+00 1.378e+00
6.179e+00 1.367e+00
6.186e+00 1.361e+00
6.194e+00 1.363e+00
6.201e+00 1.373e+00
6.209e+00 1.386e+00
6.216e+00 1.397e+00
6.223e+00 1.404e+00
6.231e+00 1.412e+00
6.239e+00 1.427e+00
6.246e+00 1.444e+00
6.253e+00 1.457e+00
6.261e+00 1.474e+00
6.269e+00 1.496e+00
6.276e+00 1.521e+00
6.284e+00 1.550e+00
6.291e+00 1.581e+00
6.299e+00 1.620e+00
6.307e+00 1.661e+00
6.314e+00 1.701e+00
6.322e+00 1.744e+00
6.330e+00 1.792e+00
6.338e+00 1.847e+00
6.345e+00 1.899e+00
6.353e+00 1.949e+00
6.361e+00 2.001e+00
6.369e+00 2.050e+00
6.377e+00 2.096e+00
6.384e+00 2.132e+00
6.392e+00 2.157e+00
6.400e+00 2.176e+00
6.408e+00 2.190e+00
6.416e+00 2.207e+00
6.424e+00 2.229e+00
6.432e+00 2.250e+00
6.440e+00 2.264e+00
6.448e+00 2.265e+00
6.456e+00 2.248e+00
6.464e+00 2.214e+00
6.472e+00 2.169e+00
6.480e+00 2.116e+00
6.488e+00 2.061e+00
6.496e+00 2.010e+00
6.505e+00 1.957e+00
6.513e+00 1.907e+00
6.521e+00 1.869e+00
6.529e+00 1.839e+00
6.537e+00 1.809e+00
6.546e+00 1.785e+00
6.554e+00 1.773e+00
6.562e+00 1.772e+00
6.571e+00 1.775e+00
6.579e+00 1.778e+00
6.587e+00 1.786e+00
6.596e+00 1.802e+00
6.604e+00 1.817e+00
6.612e+00 1.827e+00
6.621e+00 1.837e+00
6.629e+00 1.847e+00
6.638e+00 1.861e+00
6.646e+00 1.870e+00
6.655e+00 1.876e+00
6.663e+00 1.888e+00
6.672e+00 1.899e+00
6.681e+00 1.895e+00
6.689e+00 1.882e+00
6.698e+00 1.865e+00
6.707e+00 1.862e+00
6.715e+00 1.867e+00
6.724e+00 1.863e+00
6.733e+00 1.857e+00
6.741e+00 1.859e+00
6.750e+00 1.859e+00
6.759e+00 1.848e+00
6.768e+00 1.825e+00
6.777e+00 1.807e+00
6.785e+00 1.784e+00
6.794e+00 1.745e+00
6.803e+00 1.708e+00
6.812e+00 1.685e+00
6.821e+00 1.675e+00
6.830e+00 1.667e+00
6.839e+00 1.655e+00
6.848e+00 1.641e+00
6.857e+00 1.633e+00
6.866e+00 1.634e+00
6.875e+00 1.635e+00
6.885e+00 1.638e+00
6.894e+00 1.642e+00
6.903e+00 1.643e+00
6.912e+00 1.639e+00
6.921e+00 1.625e+00
6.931e+00 1.605e+00
6.940e+00 1.590e+00
6.949e+00 1.575e+00
6.959e+00 1.558e+00
6.968e+00 1.544e+00
6.977e+00 1.534e+00
6.987e+00 1.528e+00
6.996e+00 1.517e+00
7.006e+00 1.494e+00
7.015e+00 1.474e+00
7.025e+00 1.460e+00
7.034e+00 1.449e+00
7.044e+00 1.449e+00
7.053e+00 1.451e+00
7.063e+00 1.448e+00
7.072e+00 1.448e+00
7.082e+00 1.446e+00
7.092e+00 1.448e+00
7.102e+00 1.455e+00
7.111e+00 1.461e+00
7.121e+00 1.460e+00
7.131e+00 1.450e+00
7.141e+00 1.434e+00
7.151e+00 1.421e+00
7.160e+00 1.413e+00
7.170e+00 1.407e+00
7.180e+00 1.402e+00
7.190e+00 1.393e+00
7.200e+00 1.373e+00
7.210e+00 1.355e+00
7.220e+00 1.337e+00
7.230e+00 1.319e+00
7.240e+00 1.308e+00
7.251e+00 1.307e+00
7.261e+00 1.310e+00
7.271e+00 1.310e+00
7.281e+00 1.309e+00
7.291e+00 1.311e+00
7.302e+00 1.306e+00
7.312e+00 1.302e+00
7.322e+00 1.304e+00
7.333e+00 1.307e+00
7.343e+00 1.311e+00
7.353e+00 1.318e+00
7.364e+00 1.321e+00
7.374e+00 1.325e+00
7.385e+00 1.329e+00
7.395e+00 1.338e+00
7.406e+00 1.347e+00
7.417e+00 1.356e+00
7.427e+00 1.369e+00
7.438e+00 1.383e+00
7.449e+00 1.387e+00
7.459e+00 1.394e+00
7.470e+00 1.399e+00
7.481e+00 1.408e+00
7.492e+00 1.422e+00
7.502e+00 1.439e+00
7.513e+00 1.454e+00
7.524e+00 1.468e+00
7.535e+00 1.480e+00
7.546e+00 1.491e+00
7.557e+00 1.499e+00
7.568e+00 1.507e+00
7.579e+00 1.522e+00
7.590e+00 1.540e+00
7.601e+00 1.563e+00
7.613e+00 1.599e+00
7.624e+00 1.638e+00
7.635e+00 1.683e+00
7.646e+00 1.729e+00
7.657e+00 1.774e+00
7.669e+00 1.815e+00
7.680e+00 1.852e+00
7.692e+00 1.890e+00
7.703e+00 1.935e+00
7.715e+00 1.979e+00
7.726e+00 2.028e+00
7.737e+00 2.085e+00
7.749e+00 2.147e+00
7.761e+00 2.198e+00
7.772e+00 2.242e+00
7.784e+00 2.286e+00
7.796e+00 2.333e+00
7.808e+00 2.385e+00
7.819e+00 2.455e+00
7.831e+00 2.547e+00
7.843e+00 2.665e+00
7.855e+00 2.797e+00
7.867e+00 2.946e+00
7.879e+00 3.112e+00
7.891e+00 3.303e+00
7.903e+00 3.520e+00
7.915e+00 3.759e+00
7.927e+00 4.024e+00
7.939e+00 4.318e+00
7.951e+00 4.622e+00
7.963e+00 4.938e+00
7.976e+00 5.260e+00
7.988e+00 5.589e+00
8.000e+00 5.931e+00
8.013e+00 6.288e+00
8.025e+00 6.669e+00
8.037e+00 7.085e+00
8.050e+00 7.530e+00
8.062e+00 8.003e+00
8.075e+00 8.507e+00
8.088e+00 9.046e+00
8.100e+00 9.625e+00
8.113e+00 1.022e+01
8.126e+00 1.082e+01
8.138e+00 1.140e+01
8.151e+00 1.193e+01
8.164e+00 1.238e+01
8.177e+00 1.273e+01
8.190e+00 1.300e+01
8.203e+00 1.318e+01
8.216e+00 1.328e+01
8.229e+00 1.332e+01
8.242e+00 1.331e+01
8.255e+00 1.327e+01
8.268e+00 1.320e+01
8.281e+00 1.310e+01
8.295e+00 1.298e+01
8.308e+00 1.286e+01
8.321e+00 1.275e+01
8.335e+00 1.264e+01
8.348e+00 1.254e+01
8.361e+00 1.245e+01
8.375e+00 1.237e+01
8.389e+00 1.228e+01
8.402e+00 1.218e+01
8.416e+00 1.209e+01
8.430e+00 1.199e+01
8.443e+00 1.188e+01
8.457e+00 1.177e+01
8.471e+00 1.166e+01
8.485e+00 1.153e+01
8.499e+00 1.140e+01
8.513e+00 1.126e+01
8.527e+00 1.109e+01
8.541e+00 1.087e+01
8.555e+00 1.055e+01
8.569e+00 1.010e+01
8.583e+00 9.547e+00
8.597e+00 8.991e+00
8.612e+00 8.584e+00
8.626e+00 8.436e+00
8.640e+00 8.565e+00
8.655e+00 8.927e+00
8.669e+00 9.419e+00
8.684e+00 9.892e+00
8.698e+00 1.025e+01
8.713e+00 1.048e+01
8.727e+00 1.064e+01
8.742e+00 1.076e+01
8.757e+00 1.085e+01
8.772e+00 1.092e+01
8.787e+00 1.100e+01
8.802e+00 1.108e+01
8.817e+00 1.115e+01
8.832e+00 1.120e+01
8.847e+00 1.124e+01
8.862e+00 1.129e+01
8.877e+00 1.131e+01
8.892e+00 1.132e+01
8.908e+00 1.131e+01
8.923e+00 1.130e+01
8.938e+00 1.128e+01
8.954e+00 1.126e+01
8.969e+00 1.127e+01
8.985e+00 1.128e+01
9.000e+00 1.132e+01
9.016e+00 1.139e+01
9.032e+00 1.146e+01
9.047e+00 1.155e+01
9.063e+00 1.164e+01
9.079e+00 1.173e+01
9.095e+00 1.181e+01
9.111e+00 1.187e+01
9.127e+00 1.193e+01
9.143e+00 1.200e+01
9.159e+00 1.206e+01
9.175e+00 1.212e+01
9.192e+00 1.219e+01
9.208e+00 1.226e+01
9.225e+00 1.234e+01
9.241e+00 1.242e+01
9.257e+00 1.246e+01
9.274e+00 1.246e+01
9.291e+00 1.240e+01
9.307e+00 1.226e+01
9.324e+00 1.202e+01
9.341e+00 1.170e+01
9.358e+00 1.129e+01
9.375e+00 1.080e+01
9.392e+00 1.028e+01
9.409e+00 9.767e+00
9.426e+00 9.305e+00
9.443e+00 8.899e+00
9.460e+00 8.548e+00
9.477e+00 8.248e+00
9.495e+00 7.992e+00
9.512e+00 7.763e+00
9.530e+00 7.558e+00
9.547e+00 7.396e+00
9.565e+00 7.258e+00
9.582e+00 7.131e+00
9.600e+00 7.008e+00
9.618e+00 6.896e+00
9.636e+00 6.790e+00
9.654e+00 6.668e+00
9.672e+00 6.535e+00
9.690e+00 6.403e+00
9.708e+00 6.260e+00
9.726e+00 6.118e+00
9.745e+00 5.991e+00
9.763e+00 5.892e+00
9.781e+00 5.807e+00
9.800e+00 5.728e+00
9.819e+00 5.667e+00
9.837e+00 5.617e+00
9.856e+00 5.561e+00
9.875e+00 5.504e+00
9.893e+00 5.449e+00
9.912e+00 5.386e+00
9.931e+00 5.301e+00
9.950e+00 5.208e+00
9.970e+00 5.123e+00
9.989e+00 5.040e+00
1.001e+01 4.952e+00
1.003e+01 4.876e+00
1.005e+01 4.806e+00
1.007e+01 4.730e+00
1.009e+01 4.646e+00
1.011e+01 4.578e+00
1.013e+01 4.530e+00
1.015e+01 4.477e+00
1.016e+01 4.412e+00
1.019e+01 4.356e+00
1.021e+01 4.303e+00
1.023e+01 4.240e+00
1.025e+01 4.175e+00
1.027e+01 4.129e+00
1.029e+01 4.099e+00
1.031e+01 4.060e+00
1.033e+01 4.013e+00
1.035e+01 3.964e+00
1.037e+01 3.909e+00
1.039e+01 3.856e+00
1.041e+01 3.809e+00
1.043e+01 3.780e+00
1.045e+01 3.765e+00
1.047e+01 3.751e+00
1.049e+01 3.730e+00
1.052e+01 3.705e+00
1.054e+01 3.682e+00
1.056e+01 3.661e+00
1.058e+01 3.628e+00
1.060e+01 3.602e+00
1.062e+01 3.587e+00
1.065e+01 3.562e+00
1.067e+01 3.535e+00
1.069e+01 3.519e+00
1.071e+01 3.506e+00
1.073e+01 3.491e+00
1.076e+01 3.474e+00
1.078e+01 3.466e+00
1.080e+01 3.459e+00
1.082e+01 3.443e+00
1.085e+01 3.438e+00
1.087e+01 3.440e+00
1.089e+01 3.432e+00
1.091e+01 3.432e+00
1.094e+01 3.450e+00
1.096e+01 3.463e+00
1.098e+01 3.465e+00
1.101e+01 3.471e+00
1.103e+01 3.480e+00
1.105e+01 3.477e+00
1.108e+01 3.457e+00
1.110e+01 3.439e+00
1.112e+01 3.418e+00
1.115e+01 3.384e+00
1.117e+01 3.357e+00
1.120e+01 3.351e+00
1.122e+01 3.344e+00
1.125e+01 3.335e+00
1.127e+01 3.321e+00
1.129e+01 3.306e+00
1.132e+01 3.280e+00
1.134e+01 3.252e+00
1.137e+01 3.232e+00
1.139e+01 3.222e+00
1.142e+01 3.207e+00
1.144e+01 3.190e+00
1.147e+01 3.171e+00
1.149e+01 3.157e+00
1.152e+01 3.134e+00
1.155e+01 3.107e+00
1.157e+01 3.091e+00
1.160e+01 3.077e+00
1.162e+01 3.055e+00
1.165e+01 3.027e+00
1.168e+01 2.992e+00
1.170e+01 2.945e+00
1.173e+01 2.876e+00
1.176e+01 2.797e+00
1.178e+01 2.726e+00
1.181e+01 2.663e+00
1.184e+01 2.599e+00
1.186e+01 2.548e+00
1.189e+01 2.500e+00
1.192e+01 2.440e+00
1.195e+01 2.364e+00
1.197e+01 2.279e+00
1.200e+01 2.195e+00
1.203e+01 2.117e+00
1.206e+01 2.041e+00
1.208e+01 1.965e+00
1.211e+01 1.885e+00
1.214e+01 1.798e+00
1.217e+01 1.704e+00
1.220e+01 1.610e+00
1.223e+01 1.522e+00
1.226e+01 1.460e+00
1.228e+01 1.460e+00
1.231e+01 1.561e+00
1.234e+01 1.784e+00
1.237e+01 2.114e+00
1.240e+01 2.497e+00
1.243e+01 2.860e+00
1.246e+01 3.142e+00
1.249e+01 3.292e+00
1.252e+01 3.303e+00
1.255e+01 3.217e+00
1.258e+01 3.104e+00
1.261e+01 3.032e+00
1.264e+01 3.039e+00
1.268e+01 3.136e+00
1.271e+01 3.316e+00
1.274e+01 3.530e+00
1.277e+01 3.708e+00
1.280e+01 3.804e+00
1.283e+01 3.804e+00
1.286e+01 3.722e+00
1.290e+01 3.576e+00
1.293e+01 3.393e+00
1.296e+01 3.219e+00
1.299e+01 3.084e+00
1.303e+01 2.981e+00
1.306e+01 2.904e+00
1.309e+01 2.853e+00
1.312e+01 2.821e+00
1.316e+01 2.798e+00
1.319e+01 2.771e+00
1.322e+01 2.759e+00
1.326e+01 2.765e+00
1.329e+01 2.761e+00
1.333e+01 2.740e+00
1.336e+01 2.716e+00
1.340e+01 2.696e+00
1.343e+01 2.675e+00
1.347e+01 2.646e+00
1.350e+01 2.620e+00
1.354e+01 2.604e+00
1.357e+01 2.587e+00
1.361e+01 2.578e+00
1.364e+01 2.579e+00
1.368e+01 2.575e+00
1.371e+01 2.561e+00
1.375e+01 2.540e+00
1.379e+01 2.512e+00
1.382e+01 2.481e+00
1.386e+01 2.441e+00
1.390e+01 2.397e+00
1.394e+01 2.336e+00
1.397e+01 2.272e+00
1.401e+01 2.216e+00
