2.051e-01 -1.230e+34
2.131e-01 -1.230e+34
2.211e-01 -1.230e+34
2.291e-01 -1.230e+34
2.361e-01 -1.230e+34
2.421e-01 1.744e-01
2.481e-01 1.675e-01
2.536e-01 1.740e-01
2.586e-01 1.743e-01
2.636e-01 1.772e-01
2.686e-01 1.826e-01
2.731e-01 1.808e-01
2.771e-01 1.873e-01
2.811e-01 1.893e-01
2.851e-01 1.954e-01
2.891e-01 1.926e-01
2.931e-01 1.923e-01
2.971e-01 1.967e-01
3.011e-01 2.046e-01
3.051e-01 2.064e-01
3.091e-01 2.096e-01
3.131e-01 2.121e-01
3.171e-01 2.193e-01
3.211e-01 2.209e-01
3.251e-01 2.296e-01
3.291e-01 2.313e-01
3.331e-01 2.346e-01
3.371e-01 2.408e-01
3.411e-01 2.477e-01
3.451e-01 2.558e-01
3.491e-01 2.595e-01
3.531e-01 2.768e-01
3.571e-01 2.816e-01
3.606e-01 2.878e-01
3.636e-01 2.915e-01
3.666e-01 2.951e-01
3.696e-01 2.985e-01
3.726e-01 3.029e-01
3.756e-01 3.078e-01
3.786e-01 3.126e-01
3.811e-01 3.175e-01
3.831e-01 3.184e-01
3.851e-01 3.203e-01
3.871e-01 3.252e-01
3.891e-01 3.268e-01
3.911e-01 3.302e-01
3.931e-01 3.318e-01
3.951e-01 3.354e-01
3.971e-01 3.371e-01
3.991e-01 3.384e-01
4.011e-01 3.419e-01
4.031e-01 3.426e-01
4.051e-01 3.441e-01
4.071e-01 3.459e-01
4.091e-01 3.474e-01
4.111e-01 3.498e-01
4.128e-01 3.511e-01
4.158e-01 3.538e-01
4.188e-01 3.551e-01
4.218e-01 3.578e-01
4.248e-01 3.615e-01
4.278e-01 3.629e-01
4.308e-01 3.670e-01
4.338e-01 3.700e-01
4.368e-01 3.726e-01
4.398e-01 3.750e-01
4.428e-01 3.777e-01
4.458e-01 3.798e-01
4.488e-01 3.816e-01
4.513e-01 3.830e-01
4.533e-01 3.825e-01
4.553e-01 3.849e-01
4.573e-01 3.853e-01
4.593e-01 3.846e-01
4.613e-01 3.858e-01
4.633e-01 3.866e-01
4.653e-01 3.876e-01
4.673e-01 3.882e-01
4.693e-01 3.882e-01
4.713e-01 3.891e-01
4.733e-01 3.895e-01
4.753e-01 3.905e-01
4.773e-01 3.911e-01
4.793e-01 3.932e-01
4.813e-01 3.942e-01
4.833e-01 3.940e-01
4.853e-01 3.959e-01
4.873e-01 3.960e-01
4.893e-01 3.977e-01
4.913e-01 3.984e-01
4.933e-01 4.006e-01
4.953e-01 4.020e-01
4.973e-01 4.036e-01
4.993e-01 4.046e-01
5.013e-01 4.059e-01
5.033e-01 4.075e-01
5.053e-01 4.090e-01
5.073e-01 4.095e-01
5.093e-01 4.123e-01
5.113e-01 4.130e-01
5.133e-01 4.157e-01
5.153e-01 4.161e-01
5.173e-01 4.176e-01
5.193e-01 4.195e-01
5.213e-01 4.224e-01
5.233e-01 4.229e-01
5.253e-01 4.241e-01
5.273e-01 4.258e-01
5.293e-01 4.273e-01
5.313e-01 4.283e-01
5.333e-01 4.303e-01
5.353e-01 4.318e-01
5.373e-01 4.332e-01
5.393e-01 4.346e-01
5.413e-01 4.366e-01
5.433e-01 4.379e-01
5.453e-01 4.395e-01
5.473e-01 4.411e-01
5.493e-01 4.415e-01
5.513e-01 4.424e-01
5.533e-01 4.431e-01
5.553e-01 4.451e-01
5.573e-01 4.461e-01
5.593e-01 4.468e-01
5.613e-01 4.476e-01
5.633e-01 4.494e-01
5.653e-01 4.501e-01
5.673e-01 4.511e-01
5.693e-01 4.526e-01
5.713e-01 4.536e-01
5.733e-01 4.546e-01
5.753e-01 4.560e-01
5.773e-01 4.571e-01
5.793e-01 4.583e-01
5.813e-01 4.599e-01
5.833e-01 4.602e-01
5.853e-01 4.612e-01
5.873e-01 4.628e-01
5.893e-01 4.644e-01
5.913e-01 4.642e-01
5.933e-01 4.648e-01
5.953e-01 4.639e-01
5.973e-01 4.660e-01
5.993e-01 4.659e-01
6.011e-01 4.659e-01
6.027e-01 4.668e-01
6.043e-01 4.674e-01
6.059e-01 4.676e-01
6.075e-01 4.673e-01
6.091e-01 4.683e-01
6.107e-01 4.693e-01
6.123e-01 4.692e-01
6.139e-01 4.711e-01
6.155e-01 4.694e-01
6.171e-01 4.709e-01
6.187e-01 4.712e-01
6.203e-01 4.720e-01
6.219e-01 4.723e-01
6.235e-01 4.727e-01
6.251e-01 4.742e-01
6.267e-01 4.737e-01
6.283e-01 4.741e-01
6.299e-01 4.756e-01
6.317e-01 4.767e-01
6.337e-01 4.761e-01
6.357e-01 4.772e-01
6.377e-01 4.785e-01
6.397e-01 4.782e-01
6.417e-01 4.800e-01
6.437e-01 4.803e-01
6.457e-01 4.808e-01
6.477e-01 4.811e-01
6.497e-01 4.817e-01
6.517e-01 4.838e-01
6.537e-01 4.844e-01
6.557e-01 4.848e-01
6.577e-01 4.860e-01
6.597e-01 4.874e-01
6.617e-01 4.910e-01
6.637e-01 4.914e-01
6.657e-01 4.941e-01
6.677e-01 4.919e-01
6.702e-01 4.930e-01
6.732e-01 4.930e-01
6.762e-01 4.951e-01
6.792e-01 4.960e-01
6.822e-01 4.984e-01
6.852e-01 4.995e-01
6.882e-01 5.009e-01
6.912e-01 5.021e-01
6.942e-01 5.054e-01
6.972e-01 5.041e-01
7.002e-01 5.056e-01
7.020e-01 5.051e-01
7.040e-01 5.061e-01
7.060e-01 5.078e-01
7.080e-01 5.086e-01
7.100e-01 5.086e-01
7.120e-01 5.097e-01
7.140e-01 5.118e-01
7.160e-01 5.129e-01
7.180e-01 5.136e-01
7.200e-01 5.140e-01
7.220e-01 5.139e-01
7.240e-01 5.162e-01
7.260e-01 5.165e-01
7.280e-01 5.184e-01
7.300e-01 5.189e-01
7.320e-01 5.195e-01
7.340e-01 5.205e-01
7.360e-01 5.220e-01
7.380e-01 5.224e-01
7.400e-01 5.239e-01
7.420e-01 5.242e-01
7.440e-01 5.259e-01
7.460e-01 5.254e-01
7.480e-01 5.283e-01
7.505e-01 5.285e-01
7.535e-01 5.315e-01
7.565e-01 5.308e-01
7.595e-01 5.332e-01
7.625e-01 5.338e-01
7.655e-01 5.358e-01
7.685e-01 5.374e-01
7.715e-01 5.398e-01
7.745e-01 5.409e-01
7.775e-01 5.401e-01
7.810e-01 5.434e-01
7.850e-01 5.434e-01
7.890e-01 5.451e-01
7.930e-01 5.475e-01
7.970e-01 5.500e-01
8.015e-01 5.506e-01
8.065e-01 5.528e-01
8.115e-01 5.545e-01
8.165e-01 5.563e-01
8.220e-01 5.581e-01
8.280e-01 5.587e-01
8.350e-01 5.587e-01
8.430e-01 5.613e-01
8.510e-01 5.613e-01
8.590e-01 5.622e-01
8.710e-01 5.647e-01
8.830e-01 5.646e-01
8.940e-01 5.724e-01
9.040e-01 5.754e-01
9.140e-01 5.758e-01
9.240e-01 5.771e-01
9.330e-01 5.816e-01
9.410e-01 5.803e-01
9.490e-01 5.813e-01
9.570e-01 5.844e-01
9.640e-01 5.871e-01
9.700e-01 5.857e-01
9.760e-01 5.866e-01
9.820e-01 5.898e-01
9.880e-01 5.906e-01
9.940e-01 5.890e-01
1.000e+00 5.937e-01
1.006e+00 5.934e-01
1.012e+00 5.933e-01
1.018e+00 5.964e-01
1.024e+00 5.965e-01
1.028e+00 5.988e-01
1.034e+00 6.001e-01
1.038e+00 5.990e-01
1.043e+00 6.015e-01
1.048e+00 6.019e-01
1.053e+00 6.038e-01
1.058e+00 6.021e-01
1.063e+00 6.030e-01
1.068e+00 6.046e-01
1.073e+00 6.063e-01
1.079e+00 6.067e-01
1.083e+00 6.071e-01
1.089e+00 6.073e-01
1.093e+00 6.072e-01
1.099e+00 6.094e-01
1.103e+00 6.079e-01
1.109e+00 6.107e-01
1.113e+00 6.112e-01
1.119e+00 6.116e-01
1.123e+00 6.105e-01
1.129e+00 6.100e-01
1.133e+00 6.114e-01
1.139e+00 6.154e-01
1.143e+00 6.123e-01
1.149e+00 6.145e-01
1.153e+00 6.147e-01
1.159e+00 6.158e-01
1.163e+00 6.154e-01
1.168e+00 6.143e-01
1.174e+00 6.154e-01
1.179e+00 6.175e-01
1.184e+00 6.157e-01
1.188e+00 6.190e-01
1.194e+00 6.173e-01
1.198e+00 6.190e-01
1.204e+00 6.181e-01
1.208e+00 6.185e-01
1.214e+00 6.176e-01
1.218e+00 6.199e-01
1.224e+00 6.188e-01
1.228e+00 6.191e-01
1.234e+00 6.211e-01
1.238e+00 6.192e-01
1.244e+00 6.226e-01
1.248e+00 6.214e-01
1.254e+00 6.219e-01
1.258e+00 6.218e-01
1.264e+00 6.220e-01
1.268e+00 6.238e-01
1.274e+00 6.219e-01
1.279e+00 6.241e-01
1.284e+00 6.225e-01
1.289e+00 6.244e-01
1.294e+00 6.237e-01
1.299e+00 6.238e-01
1.303e+00 6.262e-01
1.308e+00 6.267e-01
1.313e+00 6.265e-01
1.318e+00 6.272e-01
1.323e+00 6.254e-01
1.328e+00 6.264e-01
1.333e+00 6.280e-01
1.338e+00 6.280e-01
1.343e+00 6.262e-01
1.348e+00 6.282e-01
1.353e+00 6.278e-01
1.358e+00 6.291e-01
1.363e+00 6.268e-01
1.368e+00 6.273e-01
1.373e+00 6.286e-01
1.379e+00 6.275e-01
1.383e+00 6.290e-01
1.389e+00 6.282e-01
1.393e+00 6.279e-01
1.399e+00 6.277e-01
1.403e+00 6.244e-01
1.409e+00 6.230e-01
1.413e+00 6.217e-01
1.418e+00 6.224e-01
1.423e+00 6.234e-01
1.428e+00 6.259e-01
1.433e+00 6.244e-01
1.438e+00 6.250e-01
1.443e+00 6.259e-01
1.448e+00 6.278e-01
1.453e+00 6.269e-01
1.458e+00 6.272e-01
1.463e+00 6.292e-01
1.468e+00 6.323e-01
1.474e+00 6.316e-01
1.478e+00 6.325e-01
1.484e+00 6.333e-01
1.488e+00 6.336e-01
1.494e+00 6.338e-01
1.498e+00 6.308e-01
1.504e+00 6.315e-01
1.508e+00 6.333e-01
1.514e+00 6.336e-01
1.518e+00 6.366e-01
1.524e+00 6.348e-01
1.528e+00 6.365e-01
1.534e+00 6.380e-01
1.540e+00 6.373e-01
1.546e+00 6.387e-01
1.552e+00 6.364e-01
1.558e+00 6.416e-01
1.564e+00 6.404e-01
1.571e+00 6.373e-01
1.577e+00 6.401e-01
1.585e+00 6.418e-01
1.591e+00 6.417e-01
1.599e+00 6.398e-01
1.605e+00 6.412e-01
1.613e+00 6.411e-01
1.619e+00 6.405e-01
1.627e+00 6.433e-01
1.633e+00 6.422e-01
1.640e+00 6.458e-01
1.647e+00 6.434e-01
1.654e+00 6.435e-01
1.661e+00 6.448e-01
1.668e+00 6.449e-01
1.676e+00 6.428e-01
1.684e+00 6.407e-01
1.692e+00 6.466e-01
1.700e+00 6.492e-01
1.708e+00 6.468e-01
1.716e+00 6.477e-01
1.724e+00 6.439e-01
1.732e+00 6.473e-01
1.740e+00 6.440e-01
1.748e+00 6.503e-01
1.756e+00 6.502e-01
1.764e+00 6.469e-01
1.772e+00 6.508e-01
1.780e+00 6.501e-01
1.788e+00 6.481e-01
1.796e+00 6.483e-01
1.805e+00 6.486e-01
1.815e+00 6.477e-01
1.825e+00 6.437e-01
1.835e+00 6.484e-01
1.845e+00 6.488e-01
1.855e+00 6.499e-01
1.865e+00 6.426e-01
1.875e+00 6.452e-01
1.885e+00 6.371e-01
1.895e+00 6.242e-01
1.905e+00 6.169e-01
1.915e+00 6.091e-01
1.925e+00 6.061e-01
1.935e+00 6.073e-01
1.945e+00 6.093e-01
1.955e+00 6.114e-01
1.965e+00 6.153e-01
1.975e+00 6.189e-01
1.985e+00 6.240e-01
1.995e+00 6.300e-01
2.005e+00 6.310e-01
2.015e+00 6.330e-01
2.025e+00 6.359e-01
2.035e+00 6.416e-01
2.045e+00 6.438e-01
2.055e+00 6.460e-01
2.065e+00 6.457e-01
2.075e+00 6.479e-01
2.085e+00 6.476e-01
2.095e+00 6.525e-01
2.105e+00 6.572e-01
2.115e+00 6.551e-01
2.125e+00 6.599e-01
2.135e+00 6.594e-01
2.145e+00 6.548e-01
2.155e+00 6.553e-01
2.165e+00 6.523e-01
2.175e+00 6.537e-01
2.185e+00 6.480e-01
2.195e+00 6.525e-01
2.205e+00 6.446e-01
2.215e+00 6.492e-01
2.225e+00 6.481e-01
2.235e+00 6.509e-01
2.245e+00 6.521e-01
2.255e+00 6.548e-01
2.265e+00 6.534e-01
2.275e+00 6.539e-01
2.285e+00 6.542e-01
2.295e+00 6.561e-01
2.305e+00 6.505e-01
2.315e+00 6.510e-01
2.325e+00 6.539e-01
2.335e+00 6.541e-01
2.345e+00 6.508e-01
2.355e+00 6.453e-01
2.365e+00 6.519e-01
2.375e+00 6.525e-01
2.386e+00 6.463e-01
2.400e+00 6.453e-01
2.418e+00 6.416e-01
2.440e+00 6.337e-01
2.466e+00 6.262e-01
2.496e+00 6.221e-01
2.528e+00 6.162e-01
2.560e+00 6.068e-01
2.592e+00 6.047e-01
2.624e+00 6.017e-01
2.656e+00 5.771e-01
2.688e+00 4.644e-01
2.720e+00 2.880e-01
2.752e+00 2.423e-01
2.784e+00 2.286e-01
2.816e+00 2.188e-01
2.848e+00 1.983e-01
2.880e+00 1.799e-01
2.912e+00 1.694e-01
2.944e+00 1.688e-01
2.976e+00 1.586e-01
