3.705e-01 -1.230e+34
3.802e-01 -1.230e+34
3.899e-01 -1.230e+34
3.997e-01 -1.230e+34
4.094e-01 3.733e-02
4.192e-01 3.531e-02
4.290e-01 3.571e-02
4.388e-01 3.712e-02
4.485e-01 3.802e-02
4.584e-01 3.756e-02
4.682e-01 3.830e-02
4.780e-01 3.846e-02
4.878e-01 3.810e-02
4.977e-01 3.783e-02
5.075e-01 4.144e-02
5.174e-01 4.723e-02
5.272e-01 5.916e-02
5.371e-01 7.156e-02
5.470e-01 8.244e-02
5.568e-01 8.790e-02
5.667e-01 8.593e-02
5.766e-01 7.952e-02
5.864e-01 7.463e-02
5.963e-01 7.224e-02
6.062e-01 6.992e-02
6.161e-01 6.505e-02
6.259e-01 6.262e-02
6.358e-01 6.157e-02
6.457e-01 5.720e-02
6.556e-01 5.244e-02
6.654e-01 4.735e-02
6.660e-01 -1.230e+34
6.753e-01 -1.230e+34
6.756e-01 4.406e-02
6.852e-01 4.867e-02
6.948e-01 7.670e-02
7.044e-01 1.331e-01
7.140e-01 1.920e-01
7.236e-01 2.467e-01
7.331e-01 2.864e-01
7.427e-01 3.104e-01
7.523e-01 3.225e-01
7.619e-01 -1.230e+34
7.715e-01 3.325e-01
7.811e-01 3.342e-01
7.907e-01 3.367e-01
8.003e-01 3.396e-01
8.099e-01 3.405e-01
8.195e-01 3.415e-01
8.291e-01 3.410e-01
8.387e-01 3.405e-01
8.483e-01 3.406e-01
8.579e-01 3.412e-01
8.675e-01 3.424e-01
8.771e-01 3.440e-01
8.867e-01 3.437e-01
8.963e-01 3.442e-01
9.059e-01 3.448e-01
9.155e-01 3.434e-01
9.251e-01 -1.230e+34
9.347e-01 -1.230e+34
9.443e-01 -1.230e+34
9.539e-01 3.125e-01
9.635e-01 3.058e-01
9.731e-01 3.053e-01
9.827e-01 3.050e-01
9.923e-01 3.073e-01
1.002e+00 3.109e-01
1.012e+00 -1.230e+34
1.021e+00 3.197e-01
1.031e+00 3.244e-01
1.040e+00 3.291e-01
1.050e+00 3.328e-01
1.060e+00 3.356e-01
1.069e+00 3.373e-01
1.079e+00 3.374e-01
1.088e+00 3.369e-01
1.098e+00 3.356e-01
1.108e+00 3.320e-01
1.117e+00 3.239e-01
1.127e+00 -1.230e+34
1.137e+00 -1.230e+34
1.146e+00 -1.230e+34
1.156e+00 -1.230e+34
1.165e+00 2.728e-01
1.175e+00 2.712e-01
1.185e+00 2.695e-01
1.194e+00 2.676e-01
1.204e+00 2.682e-01
1.214e+00 2.693e-01
1.223e+00 2.709e-01
1.233e+00 2.724e-01
1.242e+00 2.747e-01
1.252e+00 2.759e-01
1.254e+00 -1.230e+34
1.262e+00 -1.230e+34
1.264e+00 2.781e-01
1.271e+00 -1.230e+34
1.274e+00 2.780e-01
1.284e+00 2.753e-01
1.294e+00 2.744e-01
1.304e+00 2.687e-01
1.314e+00 2.613e-01
1.324e+00 2.508e-01
1.334e+00 2.431e-01
1.344e+00 -1.230e+34
1.354e+00 -1.230e+34
1.364e+00 -1.230e+34
1.374e+00 -1.230e+34
1.384e+00 -1.230e+34
1.394e+00 -1.230e+34
1.404e+00 -1.230e+34
1.414e+00 -1.230e+34
1.424e+00 8.614e-02
1.434e+00 8.506e-02
1.444e+00 7.681e-02
1.454e+00 7.530e-02
1.464e+00 7.352e-02
1.473e+00 8.029e-02
1.483e+00 8.191e-02
1.493e+00 8.714e-02
1.503e+00 9.293e-02
1.513e+00 9.907e-02
1.523e+00 1.065e-01
1.533e+00 1.124e-01
1.543e+00 1.181e-01
1.553e+00 1.249e-01
1.563e+00 1.309e-01
1.573e+00 1.365e-01
1.583e+00 1.418e-01
1.593e+00 1.462e-01
1.603e+00 1.514e-01
1.613e+00 1.555e-01
1.623e+00 1.583e-01
1.633e+00 1.612e-01
1.643e+00 1.638e-01
1.653e+00 1.653e-01
1.663e+00 1.668e-01
1.673e+00 1.670e-01
1.683e+00 1.665e-01
1.692e+00 1.654e-01
1.702e+00 1.634e-01
1.712e+00 1.604e-01
1.722e+00 1.583e-01
1.732e+00 1.563e-01
1.742e+00 1.527e-01
1.752e+00 1.482e-01
1.762e+00 1.451e-01
1.772e+00 1.391e-01
1.782e+00 1.380e-01
1.792e+00 1.370e-01
1.802e+00 1.363e-01
1.812e+00 1.370e-01
1.822e+00 -1.230e+34
1.832e+00 -1.230e+34
1.842e+00 -1.230e+34
1.852e+00 -1.230e+34
1.861e+00 -1.230e+34
1.871e+00 -1.230e+34
1.879e+00 -1.230e+34
1.881e+00 -1.230e+34
1.889e+00 -1.230e+34
1.899e+00 -1.230e+34
1.909e+00 -1.230e+34
1.919e+00 -1.230e+34
1.929e+00 -1.230e+34
1.939e+00 -1.230e+34
1.949e+00 3.943e-02
1.959e+00 3.908e-02
1.970e+00 4.146e-02
1.980e+00 4.004e-02
1.990e+00 4.190e-02
2.000e+00 -1.230e+34
2.010e+00 -1.230e+34
2.020e+00 -1.230e+34
2.030e+00 4.917e-02
2.040e+00 5.161e-02
2.050e+00 5.258e-02
2.060e+00 5.490e-02
2.070e+00 5.780e-02
2.080e+00 5.875e-02
2.090e+00 6.279e-02
2.100e+00 6.470e-02
2.110e+00 6.617e-02
2.120e+00 6.828e-02
2.130e+00 7.139e-02
2.140e+00 7.335e-02
2.150e+00 7.564e-02
2.160e+00 7.736e-02
2.170e+00 7.890e-02
2.180e+00 7.950e-02
2.190e+00 8.313e-02
2.200e+00 8.260e-02
2.210e+00 8.429e-02
2.220e+00 8.441e-02
2.229e+00 8.290e-02
2.239e+00 8.238e-02
2.249e+00 7.895e-02
2.259e+00 7.688e-02
2.269e+00 7.276e-02
2.279e+00 7.051e-02
2.289e+00 6.800e-02
2.299e+00 6.636e-02
2.309e+00 6.424e-02
2.319e+00 6.150e-02
2.329e+00 5.957e-02
2.339e+00 5.738e-02
2.349e+00 5.326e-02
2.359e+00 5.165e-02
2.369e+00 5.310e-02
2.379e+00 4.860e-02
2.389e+00 4.561e-02
2.399e+00 4.295e-02
2.408e+00 4.530e-02
2.418e+00 3.810e-02
2.428e+00 4.012e-02
2.438e+00 3.853e-02
2.448e+00 3.602e-02
2.458e+00 3.657e-02
2.468e+00 3.058e-02
2.478e+00 2.753e-02
2.488e+00 -1.230e+34
2.498e+00 -1.230e+34
2.508e+00 -1.230e+34
