     ALT          P          T          FH2O           O3           THEAT        TCOOL        PSATCO2        FCO2
6.8127E+01  3.2607E-05 1.6674E+02    2.8116E-06    3.8790E-07    6.4826E+00   -6.9627E+00    6.9834E-02    3.5500E-04
6.7291E+01  3.8495E-05 1.7162E+02    2.8606E-06    4.2269E-07    6.5561E+00   -6.3690E+00    1.1927E-01    3.5500E-04
6.6440E+01  4.5390E-05 1.7612E+02    2.9104E-06    4.6664E-07    6.5441E+00   -6.1968E+00    1.9008E-01    3.5500E-04
6.5574E+01  5.3452E-05 1.8014E+02    2.9514E-06    5.2349E-07    6.4835E+00   -6.1852E+00    2.8263E-01    3.5500E-04
6.4697E+01  6.2867E-05 1.8379E+02    2.9886E-06    5.9083E-07    6.4099E+00   -6.2451E+00    3.9890E-01    3.5500E-04
6.3810E+01  7.3847E-05 1.8731E+02    3.0234E-06    6.6900E-07    6.3617E+00   -6.3486E+00    5.4886E-01    3.5500E-04
6.2913E+01  8.6636E-05 1.9100E+02    3.0586E-06    7.5724E-07    6.3688E+00   -6.5575E+00    7.5727E-01    3.5500E-04
6.2005E+01  1.0151E-04 1.9513E+02    3.0942E-06    8.5412E-07    6.4607E+00   -6.8774E+00    1.0701E+00    3.5500E-04
6.1083E+01  1.1879E-04 1.9976E+02    3.1252E-06    9.6509E-07    6.6989E+00   -6.8533E+00    1.5497E+00    3.5500E-04
6.0147E+01  1.3884E-04 2.0480E+02    3.1535E-06    1.0942E-06    7.0820E+00   -7.1249E+00    2.2730E+00    3.5500E-04
5.9196E+01  1.6206E-04 2.1009E+02    3.1744E-06    1.2473E-06    7.6860E+00   -7.6860E+00    3.3317E+00    3.5500E-04
5.8227E+01  1.8894E-04 2.1549E+02    3.2012E-06    1.4229E-06    8.4669E+00   -8.4734E+00    4.8248E+00    3.5500E-04
5.7243E+01  2.1999E-04 2.2084E+02    3.2205E-06    1.6367E-06    9.4272E+00   -9.4116E+00    6.2122E+00    3.5500E-04
5.6244E+01  2.5582E-04 2.2599E+02    3.2402E-06    1.8922E-06    1.0511E+01   -1.0457E+01    7.6506E+00    3.5500E-04
5.5232E+01  2.9712E-04 2.3080E+02    3.2601E-06    2.1808E-06    1.1611E+01   -1.1541E+01    9.2069E+00    3.5500E-04
5.4208E+01  3.4464E-04 2.3516E+02    3.2702E-06    2.5029E-06    1.2661E+01   -1.2575E+01    1.0812E+01    3.5500E-04
5.3175E+01  3.9927E-04 2.3900E+02    3.2900E-06    2.8589E-06    1.3601E+01   -1.3533E+01    1.2390E+01    3.5500E-04
5.2136E+01  4.6197E-04 2.4230E+02    3.3000E-06    3.2487E-06    1.4382E+01   -1.4331E+01    1.3874E+01    3.5500E-04
5.1093E+01  5.3385E-04 2.4504E+02    3.3000E-06    3.6921E-06    1.5017E+01   -1.4943E+01    1.5204E+01    3.5500E-04
5.0050E+01  6.1613E-04 2.4725E+02    3.3100E-06    4.1820E-06    1.5445E+01   -1.5389E+01    1.6339E+01    3.5500E-04
4.9007E+01  7.1020E-04 2.4896E+02    3.3075E-06    4.7533E-06    1.5711E+01   -1.5643E+01    1.7265E+01    3.5500E-04
4.7968E+01  8.1760E-04 2.5027E+02    3.3000E-06    5.3988E-06    1.5739E+01   -1.5752E+01    1.7999E+01    3.5500E-04
4.6934E+01  9.4006E-04 2.5131E+02    3.2900E-06    6.1115E-06    1.5473E+01   -1.5737E+01    1.8591E+01    3.5500E-04
4.5905E+01  1.0795E-03 2.5206E+02    3.2764E-06    6.8751E-06    1.4891E+01   -1.5018E+01    1.9031E+01    3.5500E-04
4.4885E+01  1.2381E-03 2.5239E+02    3.2563E-06    7.6329E-06    1.3976E+01   -1.3801E+01    1.9227E+01    3.5500E-04
4.3873E+01  1.4181E-03 2.5217E+02    3.2326E-06    8.3096E-06    1.2789E+01   -1.2578E+01    1.9101E+01    3.5500E-04
4.2873E+01  1.6224E-03 2.5142E+02    3.2031E-06    8.8312E-06    1.1461E+01   -1.1337E+01    1.8656E+01    3.5500E-04
4.1887E+01  1.8536E-03 2.5021E+02    3.1642E-06    9.1716E-06    1.0143E+01   -1.0128E+01    1.7962E+01    3.5500E-04
4.0916E+01  2.1152E-03 2.4868E+02    3.1338E-06    9.3121E-06    8.9230E+00   -8.9667E+00    1.7109E+01    3.5500E-04
3.9961E+01  2.4107E-03 2.4694E+02    3.0881E-06    9.3044E-06    7.8594E+00   -7.9157E+00    1.6177E+01    3.5500E-04
3.9022E+01  2.7440E-03 2.4507E+02    3.0510E-06    9.1836E-06    6.9501E+00   -7.0041E+00    1.5220E+01    3.5500E-04
3.8099E+01  3.1194E-03 2.4313E+02    3.0046E-06    8.9951E-06    6.1791E+00   -6.2108E+00    1.4266E+01    3.5500E-04
3.7193E+01  3.5418E-03 2.4112E+02    2.9588E-06    8.7669E-06    5.5218E+00   -5.5294E+00    1.3328E+01    3.5500E-04
3.6305E+01  4.0162E-03 2.3905E+02    2.9104E-06    8.5220E-06    4.9576E+00   -4.9468E+00    1.2411E+01    3.5500E-04
3.5432E+01  4.5485E-03 2.3693E+02    2.8687E-06    8.2630E-06    4.4654E+00   -4.4506E+00    1.1521E+01    3.5500E-04
3.4577E+01  5.1449E-03 2.3478E+02    2.8179E-06    7.9920E-06    4.0305E+00   -4.0180E+00    1.0664E+01    3.5500E-04
3.3738E+01  5.8121E-03 2.3261E+02    2.7681E-06    7.7084E-06    3.6418E+00   -3.6351E+00    9.8494E+00    3.5500E-04
3.2916E+01  6.5576E-03 2.3045E+02    2.7193E-06    7.4053E-06    3.2890E+00   -3.2876E+00    9.0856E+00    3.5500E-04
3.2111E+01  7.3894E-03 2.2833E+02    2.6714E-06    7.0697E-06    2.9632E+00   -2.9662E+00    8.3800E+00    3.5500E-04
3.1321E+01  8.3162E-03 2.2628E+02    2.6345E-06    6.7140E-06    2.6628E+00   -2.6678E+00    7.7376E+00    3.5500E-04
3.0547E+01  9.3475E-03 2.2433E+02    2.5885E-06    6.3158E-06    2.3794E+00   -2.3887E+00    7.1614E+00    3.5500E-04
2.9787E+01  1.0493E-02 2.2250E+02    2.5434E-06    5.8851E-06    2.1139E+00   -2.1409E+00    6.6523E+00    3.5500E-04
2.9042E+01  1.1765E-02 2.2082E+02    2.5061E-06    5.4424E-06    1.8702E+00   -1.8921E+00    6.2078E+00    3.5500E-04
2.8311E+01  1.3174E-02 2.1929E+02    2.4656E-06    4.9821E-06    1.6477E+00   -1.6653E+00    5.8219E+00    3.5500E-04
2.7593E+01  1.4734E-02 2.1790E+02    2.4286E-06    4.5250E-06    1.4505E+00   -1.4629E+00    5.4870E+00    3.5500E-04
2.6887E+01  1.6457E-02 2.1663E+02    2.3909E-06    4.0893E-06    1.2806E+00   -1.2852E+00    5.1947E+00    3.5500E-04
2.6194E+01  1.8358E-02 2.1546E+02    2.3596E-06    3.6638E-06    1.1341E+00   -1.1339E+00    4.8139E+00    3.5500E-04
2.5512E+01  2.0454E-02 2.1438E+02    2.3190E-06    3.2651E-06    1.0107E+00   -1.0062E+00    4.4761E+00    3.5500E-04
2.4841E+01  2.2760E-02 2.1336E+02    2.2892E-06    2.9125E-06    9.0979E-01   -9.0030E-01    4.1776E+00    3.5500E-04
2.4182E+01  2.5294E-02 2.1239E+02    2.2533E-06    2.5767E-06    8.2237E-01   -8.1329E-01    3.9106E+00    3.5500E-04
2.3534E+01  2.8075E-02 2.1148E+02    2.2275E-06    2.2803E-06    7.4849E-01   -7.4077E-01    3.6700E+00    3.5500E-04
2.2896E+01  3.1122E-02 2.1060E+02    2.1933E-06    2.0210E-06    6.8475E-01   -6.7707E-01    3.4527E+00    3.5500E-04
2.2269E+01  3.4457E-02 2.0977E+02    2.1659E-06    1.7744E-06    6.2569E-01   -6.2366E-01    3.2573E+00    3.5500E-04
2.1651E+01  3.8101E-02 2.0900E+02    2.1327E-06    1.5602E-06    5.7298E-01   -5.7477E-01    3.0832E+00    3.5500E-04
2.1044E+01  4.2078E-02 2.0828E+02    2.1086E-06    1.3669E-06    5.2446E-01   -5.3081E-01    2.9299E+00    3.5500E-04
2.0447E+01  4.6411E-02 2.0764E+02    2.0849E-06    1.1929E-06    4.7924E-01   -4.8864E-01    2.7966E+00    3.5500E-04
1.9859E+01  5.1126E-02 2.0705E+02    2.0523E-06    1.0395E-06    4.3701E-01   -4.4467E-01    2.6815E+00    3.5500E-04
1.9281E+01  5.6249E-02 2.0654E+02    2.0285E-06    8.9389E-07    3.9594E-01   -4.0226E-01    2.5824E+00    3.5500E-04
1.8712E+01  6.1807E-02 2.0607E+02    2.0059E-06    7.6276E-07    3.5698E-01   -3.5946E-01    2.4966E+00    3.5500E-04
1.8151E+01  6.7830E-02 2.0566E+02    1.9836E-06    6.4599E-07    3.2049E-01   -3.1715E-01    2.4213E+00    3.5500E-04
1.7599E+01  7.4345E-02 2.0527E+02    1.9658E-06    5.4207E-07    2.8666E-01   -2.7833E-01    2.3541E+00    3.5500E-04
1.7056E+01  8.1384E-02 2.0492E+02    1.9500E-06    4.4989E-07    2.5573E-01   -2.4562E-01    2.2934E+00    3.5500E-04
1.6522E+01  8.8977E-02 2.0460E+02    1.9344E-06    3.6830E-07    2.2797E-01   -2.2116E-01    2.2388E+00    3.5500E-04
1.5996E+01  9.7156E-02 2.0430E+02    1.9178E-06    2.9751E-07    2.0374E-01   -2.0495E-01    2.1907E+00    3.5500E-04
1.5478E+01  1.0595E-01 2.0405E+02    1.9036E-06    2.3678E-07    1.8176E-01   -1.6795E-01    2.1497E+00    3.5500E-04
1.4968E+01  1.1540E-01 2.0385E+02    1.8935E-06    1.8675E-07    1.6329E-01   -1.5775E-01    2.1170E+00    3.5500E-04
1.4467E+01  1.2553E-01 2.0371E+02    1.8900E-06    1.4618E-07    1.4869E-01   -1.5081E-01    2.0952E+00    3.5500E-04
1.3973E+01  1.3638E-01 2.0365E+02    1.8836E-06    1.1268E-07    1.3709E-01   -1.4462E-01    2.0861E+00    3.5500E-04
1.3487E+01  1.4799E-01 2.0372E+02    1.8740E-06    8.5681E-08    1.2800E-01   -1.4047E-01    2.0973E+00    3.5500E-04
1.3008E+01  1.6037E-01 2.0387E+02    1.8700E-06    6.6528E-08    1.2139E-01   -1.2867E-01    2.1213E+00    3.5500E-04
1.2536E+01  1.7358E-01 2.0413E+02    1.9093E-06    5.3962E-08    1.1799E-01   -1.1996E-01    2.1620E+00    3.5500E-04
1.2071E+01  1.8763E-01 2.0447E+02    3.1637E-06    4.5188E-08    1.2650E-01   -1.8730E-01    2.2178E+00    3.5500E-04
1.1613E+01  2.0257E-01 2.0507E+02    3.6655E-06    3.8643E-08    1.3137E-01   -1.8183E-01    2.3195E+00    3.5500E-04
1.1160E+01  2.1843E-01 2.0579E+02    4.0000E-06    3.4135E-08    1.2838E-01   -9.5451E-02    2.4448E+00    3.5500E-04
1.0713E+01  2.3522E-01 2.0753E+02    4.0000E-06    3.1533E-08    1.2706E-01   -1.6825E-01    2.7750E+00    3.5500E-04
1.0267E+01  2.5299E-01 2.1190E+02    6.5944E-06    2.9771E-08    1.4825E-01   -5.3514E-01    3.7804E+00    3.5500E-04
9.8194E+00  2.7176E-01 2.1628E+02    1.1916E-05    2.8430E-08    1.8948E-01   -1.0029E+00    5.0851E+00    3.5500E-04
9.3709E+00  2.9156E-01 2.2065E+02    2.0995E-05    2.7166E-08    2.4810E-01   -1.4905E+00    6.1618E+00    3.5500E-04
8.9217E+00  3.1240E-01 2.2499E+02    3.6066E-05    2.5909E-08    3.2165E-01   -1.8986E+00    7.3521E+00    3.5500E-04
8.4722E+00  3.3431E-01 2.2928E+02    6.0377E-05    2.4652E-08    4.0430E-01   -2.2051E+00    8.6927E+00    3.5500E-04
8.0228E+00  3.5731E-01 2.3351E+02    9.8419E-05    2.3396E-08    4.9182E-01   -2.4491E+00    1.0183E+01    3.5500E-04
7.5740E+00  3.8141E-01 2.3765E+02    1.5606E-04    2.2102E-08    5.8304E-01   -2.5956E+00    1.1816E+01    3.5500E-04
7.1263E+00  4.0663E-01 2.4167E+02    2.4052E-04    2.0793E-08    6.6926E-01   -2.6204E+00    1.3580E+01    3.5500E-04
6.6803E+00  4.3296E-01 2.4554E+02    3.6005E-04    1.9530E-08    7.3892E-01   -2.6019E+00    1.5456E+01    3.5500E-04
6.2364E+00  4.6042E-01 2.4925E+02    5.2350E-04    1.8206E-08    7.9071E-01   -2.5775E+00    1.7423E+01    3.5500E-04
5.7953E+00  4.8901E-01 2.5277E+02    7.3965E-04    1.6885E-08    8.2744E-01   -2.5167E+00    1.9457E+01    3.5500E-04
5.3575E+00  5.1872E-01 2.5610E+02    1.0167E-03    1.5651E-08    8.5141E-01   -2.4398E+00    2.1535E+01    3.5500E-04
4.9236E+00  5.4954E-01 2.5924E+02    1.3620E-03    1.4433E-08    8.6515E-01   -2.3092E+00    2.3639E+01    3.5500E-04
4.4942E+00  5.8146E-01 2.6220E+02    1.7816E-03    1.3229E-08    8.7159E-01   -2.1021E+00    2.5750E+01    3.5500E-04
4.0697E+00  6.1445E-01 2.6497E+02    2.2805E-03    1.2083E-08    8.7462E-01   -1.8533E+00    2.7857E+01    3.5500E-04
3.6507E+00  6.4851E-01 2.6758E+02    2.8625E-03    1.1023E-08    8.7677E-01   -1.6074E+00    2.9950E+01    3.5500E-04
3.2375E+00  6.8358E-01 2.7003E+02    3.5305E-03    1.0049E-08    8.7650E-01   -1.3907E+00    3.2021E+01    3.5500E-04
2.8305E+00  7.1965E-01 2.7234E+02    4.2865E-03    9.1834E-09    8.7057E-01   -1.2589E+00    3.4067E+01    3.5500E-04
2.4300E+00  7.5667E-01 2.7471E+02    5.2091E-03    8.4041E-09    8.6317E-01   -1.2362E+00    3.6269E+01    3.5500E-04
2.0362E+00  7.9460E-01 2.7700E+02    6.1183E-03    7.7257E-09    8.3466E-01   -1.2485E+00    3.8496E+01    3.5500E-04
1.6493E+00  8.3337E-01 2.7920E+02    7.1422E-03    7.1434E-09    8.0754E-01   -1.3219E+00    4.0729E+01    3.5500E-04
1.2696E+00  8.7293E-01 2.8129E+02    8.2701E-03    6.6482E-09    7.8571E-01   -1.4400E+00    4.2936E+01    3.5500E-04
8.9736E-01  9.1323E-01 2.8328E+02    9.3741E-03    6.2623E-09    7.6749E-01   -1.5859E+00    4.5127E+01    3.5500E-04
5.3291E-01  9.5418E-01 2.8519E+02    1.0759E-02    5.9593E-09    7.7345E-01   -1.8512E+00    4.7301E+01    3.5500E-04
1.7647E-01  9.9571E-01 2.8700E+02    1.2078E-02    5.7083E-09    7.8789E-01   -2.0484E+00    4.9442E+01    3.5500E-04
0.0000E+00  1.0168E+00 2.8791E+02    1.2743E-02    5.7600E-09    7.1303E+00   -2.9845E+00    5.0547E+01    3.5500E-04
