PRESS O O2 H2O OH CO CH4 CH3 C2H6 NO NO2 H2S SO SO2 OCS O3 N2O
9.705E-01 1.627E-17 2.100E-01 1.274E-02 9.568E-14 1.594E-08 9.669E-07 1.849E-21 6.782E-27 2.129E-12 3.103E-12 3.114E-12 7.571E-20 4.421E-12 1.307E-22 5.763E-09 2.489E-07
9.144E-01 1.893E-17 2.100E-01 1.087E-02 1.026E-13 1.588E-08 9.646E-07 1.863E-21 6.802E-27 2.313E-12 3.173E-12 1.888E-12 7.058E-20 6.585E-12 1.307E-22 6.118E-09 2.489E-07
8.611E-01 2.246E-17 2.100E-01 9.055E-03 1.108E-13 1.578E-08 9.625E-07 1.885E-21 6.846E-27 2.579E-12 3.340E-12 1.137E-12 5.549E-20 8.044E-12 1.306E-22 6.628E-09 2.489E-07
8.104E-01 2.700E-17 2.100E-01 7.566E-03 1.211E-13 1.562E-08 9.605E-07 1.923E-21 6.914E-27 2.915E-12 3.587E-12 6.785E-13 4.130E-20 9.102E-12 1.304E-22 7.288E-09 2.489E-07
7.623E-01 3.275E-17 2.100E-01 6.207E-03 1.319E-13 1.542E-08 9.587E-07 1.949E-21 7.010E-27 3.333E-12 3.906E-12 4.019E-13 2.976E-20 9.941E-12 1.303E-22 8.093E-09 2.489E-07
7.166E-01 3.990E-17 2.100E-01 5.035E-03 1.435E-13 1.517E-08 9.571E-07 1.964E-21 7.136E-27 3.851E-12 4.293E-12 2.364E-13 2.110E-20 1.066E-11 1.302E-22 9.038E-09 2.488E-07
6.731E-01 4.870E-17 2.100E-01 3.954E-03 1.540E-13 1.489E-08 9.556E-07 1.950E-21 7.296E-27 4.500E-12 4.754E-12 1.386E-13 1.464E-20 1.132E-11 1.301E-22 1.011E-08 2.488E-07
6.319E-01 5.938E-17 2.100E-01 3.090E-03 1.651E-13 1.458E-08 9.543E-07 1.932E-21 7.495E-27 5.300E-12 5.290E-12 8.101E-14 1.011E-20 1.198E-11 1.300E-22 1.131E-08 2.488E-07
5.928E-01 7.200E-17 2.100E-01 2.369E-03 1.757E-13 1.424E-08 9.532E-07 1.888E-21 7.740E-27 6.284E-12 5.881E-12 4.734E-14 6.963E-21 1.265E-11 1.299E-22 1.260E-08 2.488E-07
5.557E-01 8.664E-17 2.100E-01 1.775E-03 1.852E-13 1.388E-08 9.522E-07 1.813E-21 8.036E-27 7.466E-12 6.489E-12 2.773E-14 4.801E-21 1.337E-11 1.299E-22 1.396E-08 2.488E-07
5.205E-01 1.033E-16 2.100E-01 1.294E-03 1.924E-13 1.351E-08 9.514E-07 1.699E-21 8.391E-27 8.820E-12 7.039E-12 1.636E-14 3.319E-21 1.416E-11 1.298E-22 1.538E-08 2.487E-07
4.871E-01 1.219E-16 2.100E-01 9.170E-04 1.964E-13 1.314E-08 9.506E-07 1.549E-21 8.813E-27 1.028E-11 7.443E-12 9.771E-15 2.305E-21 1.503E-11 1.297E-22 1.684E-08 2.487E-07
4.554E-01 1.424E-16 2.100E-01 6.303E-04 1.964E-13 1.277E-08 9.500E-07 1.369E-21 9.308E-27 1.179E-11 7.652E-12 5.930E-15 1.612E-21 1.599E-11 1.297E-22 1.830E-08 2.487E-07
4.253E-01 1.649E-16 2.100E-01 4.194E-04 1.937E-13 1.241E-08 9.495E-07 1.180E-21 9.884E-27 1.356E-11 7.786E-12 3.664E-15 1.146E-21 1.703E-11 1.296E-22 1.977E-08 2.487E-07
3.967E-01 1.893E-16 2.100E-01 2.698E-04 1.911E-13 1.206E-08 9.491E-07 1.006E-21 1.054E-26 1.607E-11 8.057E-12 2.304E-15 8.408E-22 1.815E-11 1.295E-22 2.123E-08 2.486E-07
3.696E-01 2.157E-16 2.100E-01 1.678E-04 1.902E-13 1.174E-08 9.488E-07 8.544E-22 1.129E-26 1.980E-11 8.558E-12 1.472E-15 6.409E-22 1.932E-11 1.295E-22 2.268E-08 2.486E-07
3.439E-01 2.441E-16 2.100E-01 1.008E-04 1.905E-13 1.143E-08 9.485E-07 7.219E-22 1.214E-26 2.499E-11 9.213E-12 9.571E-16 5.068E-22 2.055E-11 1.294E-22 2.410E-08 2.486E-07
3.195E-01 2.747E-16 2.100E-01 5.854E-05 1.901E-13 1.116E-08 9.482E-07 6.010E-22 1.308E-26 3.161E-11 9.853E-12 6.355E-16 4.143E-22 2.184E-11 1.294E-22 2.550E-08 2.485E-07
2.964E-01 3.075E-16 2.100E-01 3.286E-05 1.876E-13 1.092E-08 9.480E-07 4.898E-22 1.412E-26 3.942E-11 1.031E-11 4.349E-16 3.508E-22 2.319E-11 1.294E-22 2.687E-08 2.485E-07
2.745E-01 3.437E-16 2.100E-01 1.786E-05 1.824E-13 1.070E-08 9.478E-07 3.892E-22 1.531E-26 4.826E-11 1.053E-11 3.062E-16 3.065E-22 2.465E-11 1.293E-22 2.827E-08 2.485E-07
2.538E-01 3.852E-16 2.100E-01 9.400E-06 1.738E-13 1.050E-08 9.476E-07 2.999E-22 1.676E-26 5.819E-11 1.055E-11 2.202E-16 2.741E-22 2.634E-11 1.292E-22 2.982E-08 2.484E-07
2.342E-01 4.360E-16 2.100E-01 5.083E-06 1.609E-13 1.030E-08 9.473E-07 2.225E-22 1.875E-26 6.964E-11 1.051E-11 1.592E-16 2.482E-22 2.848E-11 1.292E-22 3.176E-08 2.484E-07
2.158E-01 5.286E-16 2.100E-01 3.311E-06 1.429E-13 1.005E-08 9.470E-07 1.713E-22 2.228E-26 8.432E-11 1.135E-11 1.082E-16 2.012E-22 3.194E-11 1.291E-22 3.495E-08 2.483E-07
1.987E-01 7.121E-16 2.100E-01 2.295E-06 1.196E-13 9.725E-09 9.463E-07 1.394E-22 2.909E-26 1.054E-10 1.423E-11 6.633E-17 1.546E-22 3.781E-11 1.289E-22 4.074E-08 2.481E-07
1.829E-01 9.990E-16 2.100E-01 1.950E-06 9.769E-14 9.404E-09 9.455E-07 1.144E-22 3.905E-26 1.308E-10 1.870E-11 4.059E-17 1.605E-22 4.510E-11 1.286E-22 4.883E-08 2.478E-07
1.683E-01 1.431E-15 2.100E-01 1.871E-06 7.970E-14 9.100E-09 9.443E-07 9.467E-23 5.280E-26 1.615E-10 2.515E-11 2.555E-17 2.366E-22 5.330E-11 1.282E-22 5.960E-08 2.474E-07
1.548E-01 2.161E-15 2.100E-01 1.875E-06 6.408E-14 8.759E-09 9.425E-07 7.841E-23 7.485E-26 2.050E-10 3.682E-11 1.554E-17 4.480E-22 6.349E-11 1.275E-22 7.638E-08 2.468E-07
1.424E-01 3.405E-15 2.100E-01 1.880E-06 5.344E-14 8.374E-09 9.399E-07 6.853E-23 1.090E-25 2.644E-10 5.738E-11 8.957E-18 9.601E-22 7.513E-11 1.266E-22 1.018E-07 2.459E-07
1.310E-01 5.315E-15 2.100E-01 1.886E-06 4.905E-14 7.997E-09 9.366E-07 6.689E-23 1.532E-25 3.326E-10 8.666E-11 5.101E-18 2.091E-21 8.586E-11 1.254E-22 1.340E-07 2.447E-07
1.205E-01 8.109E-15 2.100E-01 1.894E-06 4.840E-14 7.645E-09 9.327E-07 7.085E-23 2.064E-25 4.058E-10 1.243E-10 2.909E-18 4.464E-21 9.481E-11 1.239E-22 1.721E-07 2.434E-07
1.109E-01 1.225E-14 2.100E-01 1.903E-06 4.961E-14 7.306E-09 9.279E-07 7.871E-23 2.725E-25 4.863E-10 1.738E-10 1.619E-18 9.235E-21 1.021E-10 1.222E-22 2.184E-07 2.417E-07
1.020E-01 1.827E-14 2.100E-01 1.914E-06 5.231E-14 6.985E-09 9.224E-07 9.060E-23 3.527E-25 5.727E-10 2.360E-10 8.782E-19 1.829E-20 1.074E-10 1.201E-22 2.736E-07 2.397E-07
9.390E-02 2.691E-14 2.100E-01 1.927E-06 5.639E-14 6.688E-09 9.159E-07 1.071E-22 4.482E-25 6.637E-10 3.118E-10 4.638E-19 3.445E-20 1.102E-10 1.177E-22 3.379E-07 2.373E-07
8.641E-02 3.903E-14 2.100E-01 1.941E-06 6.191E-14 6.423E-09 9.086E-07 1.292E-22 5.591E-25 7.573E-10 3.999E-10 2.393E-19 6.146E-20 1.100E-10 1.150E-22 4.111E-07 2.347E-07
7.954E-02 5.573E-14 2.100E-01 1.957E-06 6.901E-14 6.192E-09 9.007E-07 1.582E-22 6.848E-25 8.516E-10 4.981E-10 1.215E-19 1.035E-19 1.064E-10 1.120E-22 4.921E-07 2.317E-07
7.322E-02 7.848E-14 2.100E-01 1.974E-06 7.789E-14 5.998E-09 8.922E-07 1.957E-22 8.257E-25 9.460E-10 6.051E-10 6.081E-20 1.637E-19 9.916E-11 1.087E-22 5.811E-07 2.285E-07
6.741E-02 1.094E-13 2.100E-01 1.992E-06 8.875E-14 5.835E-09 8.829E-07 2.441E-22 9.845E-25 1.040E-09 7.209E-10 2.982E-20 2.411E-19 8.817E-11 1.052E-22 6.791E-07 2.251E-07
6.207E-02 1.511E-13 2.100E-01 2.012E-06 1.020E-13 5.704E-09 8.731E-07 3.063E-22 1.162E-24 1.133E-09 8.440E-10 1.434E-20 3.267E-19 7.374E-11 1.014E-22 7.864E-07 2.214E-07
5.717E-02 2.071E-13 2.100E-01 2.033E-06 1.182E-13 5.603E-09 8.627E-07 3.866E-22 1.359E-24 1.224E-09 9.725E-10 6.767E-21 4.003E-19 5.699E-11 9.744E-23 9.029E-07 2.175E-07
5.266E-02 2.815E-13 2.100E-01 2.054E-06 1.379E-13 5.530E-09 8.520E-07 4.901E-22 1.574E-24 1.311E-09 1.104E-09 3.144E-21 4.382E-19 4.013E-11 9.332E-23 1.028E-06 2.134E-07
4.851E-02 3.797E-13 2.100E-01 2.076E-06 1.620E-13 5.482E-09 8.410E-07 6.240E-22 1.807E-24 1.394E-09 1.235E-09 1.447E-21 4.479E-19 2.687E-11 8.913E-23 1.162E-06 2.092E-07
4.470E-02 5.093E-13 2.100E-01 2.098E-06 1.915E-13 5.455E-09 8.299E-07 7.976E-22 2.061E-24 1.472E-09 1.366E-09 6.594E-22 4.579E-19 1.830E-11 8.487E-23 1.304E-06 2.049E-07
4.120E-02 6.808E-13 2.100E-01 2.121E-06 2.275E-13 5.447E-09 8.186E-07 1.024E-21 2.339E-24 1.546E-09 1.498E-09 2.951E-22 4.666E-19 1.262E-11 8.053E-23 1.458E-06 2.005E-07
3.799E-02 9.074E-13 2.100E-01 2.145E-06 2.715E-13 5.456E-09 8.070E-07 1.319E-21 2.646E-24 1.615E-09 1.632E-09 1.296E-22 4.744E-19 8.810E-12 7.613E-23 1.624E-06 1.959E-07
3.503E-02 1.205E-12 2.100E-01 2.168E-06 3.253E-13 5.478E-09 7.954E-07 1.705E-21 2.982E-24 1.681E-09 1.766E-09 5.602E-23 4.825E-19 6.230E-12 7.172E-23 1.803E-06 1.913E-07
3.231E-02 1.597E-12 2.100E-01 2.192E-06 3.913E-13 5.512E-09 7.836E-07 2.211E-21 3.353E-24 1.745E-09 1.902E-09 2.378E-23 4.912E-19 4.458E-12 6.732E-23 1.995E-06 1.867E-07
2.981E-02 2.111E-12 2.100E-01 2.216E-06 4.719E-13 5.557E-09 7.718E-07 2.874E-21 3.764E-24 1.808E-09 2.041E-09 9.892E-24 5.004E-19 3.224E-12 6.295E-23 2.202E-06 1.820E-07
2.751E-02 2.783E-12 2.100E-01 2.240E-06 5.702E-13 5.612E-09 7.599E-07 3.742E-21 4.222E-24 1.872E-09 2.185E-09 4.024E-24 5.099E-19 2.354E-12 5.860E-23 2.424E-06 1.772E-07
2.539E-02 3.663E-12 2.100E-01 2.265E-06 6.901E-13 5.674E-09 7.479E-07 4.882E-21 4.737E-24 1.940E-09 2.335E-09 1.598E-24 5.195E-19 1.733E-12 5.431E-23 2.662E-06 1.723E-07
2.345E-02 4.809E-12 2.100E-01 2.290E-06 8.359E-13 5.745E-09 7.358E-07 6.377E-21 5.318E-24 2.012E-09 2.494E-09 6.185E-25 5.293E-19 1.286E-12 5.009E-23 2.916E-06 1.674E-07
2.166E-02 6.299E-12 2.100E-01 2.315E-06 1.013E-12 5.822E-09 7.237E-07 8.339E-21 5.977E-24 2.092E-09 2.664E-09 2.328E-25 5.389E-19 9.613E-13 4.596E-23 3.185E-06 1.624E-07
2.001E-02 8.230E-12 2.100E-01 2.340E-06 1.228E-12 5.907E-09 7.115E-07 1.091E-20 6.733E-24 2.182E-09 2.847E-09 8.503E-26 5.479E-19 7.231E-13 4.193E-23 3.469E-06 1.574E-07
1.849E-02 1.073E-11 2.100E-01 2.365E-06 1.488E-12 5.999E-09 6.991E-07 1.429E-20 7.606E-24 2.284E-09 3.046E-09 3.001E-26 5.551E-19 5.468E-13 3.800E-23 3.766E-06 1.523E-07
1.710E-02 1.395E-11 2.100E-01 2.391E-06 1.800E-12 6.099E-09 6.866E-07 1.873E-20 8.623E-24 2.400E-09 3.263E-09 1.021E-26 5.603E-19 4.154E-13 3.420E-23 4.076E-06 1.471E-07
1.581E-02 1.809E-11 2.100E-01 2.417E-06 2.175E-12 6.207E-09 6.740E-07 2.454E-20 9.811E-24 2.532E-09 3.496E-09 3.347E-27 5.634E-19 3.172E-13 3.055E-23 4.393E-06 1.419E-07
1.463E-02 2.337E-11 2.100E-01 2.444E-06 2.621E-12 6.323E-09 6.613E-07 3.214E-20 1.120E-23 2.681E-09 3.747E-09 1.057E-27 5.646E-19 2.436E-13 2.709E-23 4.714E-06 1.366E-07
1.353E-02 3.008E-11 2.100E-01 2.470E-06 3.151E-12 6.448E-09 6.487E-07 4.207E-20 1.283E-23 2.846E-09 4.010E-09 3.230E-28 5.645E-19 1.885E-13 2.384E-23 5.032E-06 1.313E-07
1.253E-02 3.858E-11 2.100E-01 2.497E-06 3.775E-12 6.581E-09 6.359E-07 5.499E-20 1.477E-23 3.030E-09 4.284E-09 9.514E-29 5.627E-19 1.469E-13 2.081E-23 5.346E-06 1.260E-07
1.160E-02 4.933E-11 2.100E-01 2.524E-06 4.501E-12 6.728E-09 6.230E-07 7.173E-20 1.711E-23 3.231E-09 4.568E-09 2.676E-29 5.576E-19 1.149E-13 1.796E-23 5.655E-06 1.206E-07
1.075E-02 6.289E-11 2.100E-01 2.552E-06 5.342E-12 6.887E-09 6.098E-07 9.342E-20 1.995E-23 3.448E-09 4.857E-09 7.191E-30 5.488E-19 9.027E-14 1.533E-23 5.955E-06 1.152E-07
9.962E-03 7.989E-11 2.100E-01 2.580E-06 6.306E-12 7.059E-09 5.965E-07 1.213E-19 2.339E-23 3.678E-09 5.139E-09 1.861E-30 5.384E-19 7.136E-14 1.293E-23 6.240E-06 1.097E-07
9.237E-03 1.011E-10 2.100E-01 2.608E-06 7.403E-12 7.244E-09 5.831E-07 1.569E-19 2.753E-23 3.920E-09 5.406E-09 4.704E-31 5.272E-19 5.685E-14 1.079E-23 6.508E-06 1.043E-07
8.568E-03 1.276E-10 2.100E-01 2.637E-06 8.644E-12 7.440E-09 5.698E-07 2.024E-19 3.254E-23 4.168E-09 5.648E-09 1.214E-31 5.158E-19 4.570E-14 8.902E-24 6.757E-06 9.895E-08
7.951E-03 1.604E-10 2.100E-01 2.665E-06 1.004E-11 7.648E-09 5.565E-07 2.600E-19 3.861E-23 4.419E-09 5.858E-09 3.620E-32 5.047E-19 3.707E-14 7.261E-24 6.989E-06 9.369E-08
7.381E-03 2.012E-10 2.100E-01 2.693E-06 1.159E-11 7.870E-09 5.432E-07 3.326E-19 4.607E-23 4.669E-09 6.031E-09 1.572E-32 4.930E-19 3.028E-14 5.841E-24 7.205E-06 8.848E-08
6.855E-03 2.519E-10 2.100E-01 2.722E-06 1.332E-11 8.104E-09 5.297E-07 4.239E-19 5.524E-23 4.915E-09 6.160E-09 1.072E-32 4.810E-19 2.490E-14 4.628E-24 7.408E-06 8.333E-08
6.370E-03 3.146E-10 2.100E-01 2.751E-06 1.525E-11 8.350E-09 5.161E-07 5.380E-19 6.650E-23 5.153E-09 6.241E-09 9.389E-33 4.691E-19 2.063E-14 3.613E-24 7.598E-06 7.829E-08
5.921E-03 3.923E-10 2.100E-01 2.780E-06 1.740E-11 8.605E-09 5.026E-07 6.805E-19 8.030E-23 5.379E-09 6.270E-09 9.004E-33 4.577E-19 1.722E-14 2.777E-24 7.777E-06 7.338E-08
5.507E-03 4.884E-10 2.100E-01 2.808E-06 1.980E-11 8.867E-09 4.892E-07 8.581E-19 9.715E-23 5.591E-09 6.248E-09 8.980E-33 4.471E-19 1.448E-14 2.103E-24 7.948E-06 6.863E-08
5.123E-03 6.074E-10 2.100E-01 2.837E-06 2.250E-11 9.133E-09 4.759E-07 1.079E-18 1.178E-22 5.788E-09 6.174E-09 9.190E-33 4.372E-19 1.227E-14 1.568E-24 8.111E-06 6.406E-08
4.768E-03 7.545E-10 2.100E-01 2.865E-06 2.555E-11 9.402E-09 4.626E-07 1.354E-18 1.430E-22 5.968E-09 6.052E-09 9.596E-33 4.278E-19 1.046E-14 1.149E-24 8.269E-06 5.965E-08
4.440E-03 9.368E-10 2.100E-01 2.893E-06 2.901E-11 9.670E-09 4.495E-07 1.696E-18 1.739E-22 6.132E-09 5.886E-09 1.019E-32 4.190E-19 8.976E-15 8.272E-25 8.422E-06 5.545E-08
4.136E-03 1.162E-09 2.100E-01 2.920E-06 3.297E-11 9.934E-09 4.367E-07 2.120E-18 2.111E-22 6.281E-09 5.678E-09 1.095E-32 4.118E-19 7.761E-15 5.872E-25 8.569E-06 5.149E-08
3.854E-03 1.440E-09 2.100E-01 2.947E-06 3.750E-11 1.019E-08 4.242E-07 2.649E-18 2.561E-22 6.416E-09 5.435E-09 1.188E-32 4.056E-19 6.758E-15 4.109E-25 8.709E-06 4.778E-08
3.592E-03 1.784E-09 2.100E-01 2.973E-06 4.272E-11 1.044E-08 4.120E-07 3.306E-18 3.107E-22 6.537E-09 5.162E-09 1.293E-32 4.003E-19 5.921E-15 2.829E-25 8.843E-06 4.428E-08
3.349E-03 2.209E-09 2.100E-01 2.998E-06 4.873E-11 1.069E-08 4.000E-07 4.122E-18 3.771E-22 6.644E-09 4.862E-09 1.411E-32 3.957E-19 5.215E-15 1.914E-25 8.967E-06 4.099E-08
3.124E-03 2.735E-09 2.100E-01 3.023E-06 5.567E-11 1.092E-08 3.882E-07 5.138E-18 4.579E-22 6.737E-09 4.542E-09 1.539E-32 3.914E-19 4.615E-15 1.270E-25 9.080E-06 3.790E-08
2.915E-03 3.384E-09 2.100E-01 3.047E-06 6.368E-11 1.115E-08 3.767E-07 6.395E-18 5.561E-22 6.818E-09 4.205E-09 1.681E-32 3.879E-19 4.105E-15 8.267E-26 9.177E-06 3.501E-08
2.721E-03 4.187E-09 2.100E-01 3.071E-06 7.292E-11 1.137E-08 3.656E-07 7.964E-18 6.744E-22 6.886E-09 3.858E-09 1.837E-32 3.850E-19 3.671E-15 5.292E-26 9.254E-06 3.233E-08
2.540E-03 5.176E-09 2.100E-01 3.093E-06 8.356E-11 1.158E-08 3.548E-07 9.900E-18 8.169E-22 6.943E-09 3.505E-09 2.014E-32 3.834E-19 3.300E-15 3.330E-26 9.305E-06 2.984E-08
2.372E-03 6.399E-09 2.100E-01 3.114E-06 9.577E-11 1.178E-08 3.444E-07 1.231E-17 9.891E-22 6.986E-09 3.151E-09 2.216E-32 3.823E-19 2.981E-15 2.056E-26 9.324E-06 2.754E-08
2.216E-03 7.902E-09 2.100E-01 3.135E-06 1.097E-10 1.199E-08 3.343E-07 1.526E-17 1.197E-21 7.014E-09 2.800E-09 2.452E-32 3.824E-19 2.705E-15 1.244E-26 9.307E-06 2.540E-08
2.071E-03 9.757E-09 2.100E-01 3.155E-06 1.256E-10 1.219E-08 3.245E-07 1.890E-17 1.448E-21 7.024E-09 2.458E-09 2.732E-32 3.830E-19 2.464E-15 7.366E-27 9.245E-06 2.341E-08
1.935E-03 1.203E-08 2.100E-01 3.174E-06 1.434E-10 1.240E-08 3.151E-07 2.331E-17 1.750E-21 7.015E-09 2.129E-09 3.073E-32 3.853E-19 2.256E-15 4.269E-27 9.136E-06 2.158E-08
1.809E-03 1.480E-08 2.100E-01 3.191E-06 1.633E-10 1.261E-08 3.062E-07 2.866E-17 2.109E-21 6.984E-09 1.819E-09 3.494E-32 3.887E-19 2.075E-15 2.426E-27 8.975E-06 1.989E-08
1.692E-03 1.817E-08 2.100E-01 3.208E-06 1.850E-10 1.284E-08 2.977E-07 3.500E-17 2.533E-21 6.931E-09 1.533E-09 4.023E-32 3.947E-19 1.918E-15 1.354E-27 8.762E-06 1.834E-08
1.582E-03 2.222E-08 2.100E-01 3.223E-06 2.085E-10 1.308E-08 2.897E-07 4.251E-17 3.029E-21 6.854E-09 1.275E-09 4.686E-32 4.024E-19 1.783E-15 7.428E-28 8.500E-06 1.693E-08
1.480E-03 2.703E-08 2.100E-01 3.237E-06 2.332E-10 1.334E-08 2.821E-07 5.108E-17 3.604E-21 6.752E-09 1.047E-09 5.527E-32 4.136E-19 1.666E-15 4.018E-28 8.196E-06 1.564E-08
1.384E-03 3.270E-08 2.100E-01 3.249E-06 2.587E-10 1.362E-08 2.752E-07 6.091E-17 4.262E-21 6.626E-09 8.519E-10 6.577E-32 4.271E-19 1.566E-15 2.150E-28 7.858E-06 1.447E-08
1.295E-03 3.924E-08 2.100E-01 3.261E-06 2.845E-10 1.393E-08 2.686E-07 7.166E-17 5.014E-21 6.476E-09 6.864E-10 7.895E-32 4.450E-19 1.479E-15 1.137E-28 7.498E-06 1.341E-08
1.211E-03 4.674E-08 2.100E-01 3.271E-06 3.101E-10 1.428E-08 2.625E-07 8.351E-17 5.873E-21 6.300E-09 5.494E-10 9.515E-32 4.653E-19 1.403E-15 5.919E-29 7.119E-06 1.242E-08
1.133E-03 5.513E-08 2.100E-01 3.279E-06 3.350E-10 1.466E-08 2.568E-07 9.596E-17 6.837E-21 6.106E-09 4.375E-10 1.152E-31 4.908E-19 1.336E-15 3.043E-29 6.737E-06 1.152E-08
1.060E-03 6.455E-08 2.100E-01 3.287E-06 3.592E-10 1.508E-08 2.516E-07 1.095E-16 7.892E-21 5.902E-09 3.481E-10 1.391E-31 5.197E-19 1.279E-15 1.563E-29 6.359E-06 1.070E-08
9.913E-04 7.488E-08 2.100E-01 3.293E-06 3.823E-10 1.553E-08 2.468E-07 1.234E-16 9.034E-21 5.691E-09 2.769E-10 1.680E-31 5.548E-19 1.231E-15 8.048E-30 5.993E-06 9.967E-09
9.271E-04 8.624E-08 2.100E-01 3.298E-06 4.045E-10 1.602E-08 2.425E-07 1.383E-16 1.027E-20 5.476E-09 2.207E-10 2.018E-31 5.938E-19 1.189E-15 4.145E-30 5.639E-06 9.297E-09
8.670E-04 9.849E-08 2.100E-01 3.302E-06 4.256E-10 1.655E-08 2.385E-07 1.536E-16 1.160E-20 5.258E-09 1.762E-10 2.417E-31 6.392E-19 1.152E-15 2.138E-30 5.301E-06 8.685E-09
8.107E-04 1.118E-07 2.100E-01 3.304E-06 4.461E-10 1.712E-08 2.349E-07 1.698E-16 1.301E-20 5.040E-09 1.411E-10 2.878E-31 6.894E-19 1.120E-15 1.107E-30 4.980E-06 8.125E-09
7.580E-04 1.259E-07 2.100E-01 3.306E-06 4.660E-10 1.774E-08 2.316E-07 1.861E-16 1.449E-20 4.824E-09 1.134E-10 3.418E-31 7.480E-19 1.092E-15 5.786E-31 4.679E-06 7.614E-09
7.085E-04 1.410E-07 2.100E-01 3.306E-06 4.859E-10 1.839E-08 2.287E-07 2.035E-16 1.602E-20 4.614E-09 9.152E-11 4.044E-31 8.130E-19 1.068E-15 3.075E-31 4.396E-06 7.148E-09
6.622E-04 1.569E-07 2.100E-01 3.306E-06 5.058E-10 1.909E-08 2.260E-07 2.206E-16 1.758E-20 4.410E-09 7.410E-11 4.792E-31 8.906E-19 1.047E-15 1.678E-31 4.133E-06 6.724E-09
6.188E-04 1.737E-07 2.100E-01 3.305E-06 5.266E-10 1.982E-08 2.236E-07 2.385E-16 1.916E-20 4.212E-09 6.027E-11 5.679E-31 9.771E-19 1.029E-15 9.527E-32 3.886E-06 6.336E-09
5.780E-04 1.911E-07 2.100E-01 3.303E-06 5.482E-10 2.060E-08 2.214E-07 2.557E-16 2.075E-20 4.021E-09 4.916E-11 6.772E-31 1.081E-18 1.013E-15 5.748E-32 3.656E-06 5.981E-09
5.398E-04 2.091E-07 2.100E-01 3.300E-06 5.714E-10 2.142E-08 2.194E-07 2.735E-16 2.233E-20 3.838E-09 4.028E-11 8.113E-31 1.199E-18 9.994E-16 3.780E-32 3.437E-06 5.654E-09
5.040E-04 2.274E-07 2.100E-01 3.296E-06 5.964E-10 2.230E-08 2.177E-07 2.901E-16 2.387E-20 3.661E-09 3.311E-11 9.822E-31 1.341E-18 9.872E-16 2.771E-32 3.232E-06 5.354E-09
4.704E-04 2.460E-07 2.100E-01 3.292E-06 6.239E-10 2.322E-08 2.161E-07 3.069E-16 2.538E-20 3.492E-09 2.733E-11 1.200E-30 1.505E-18 9.763E-16 2.278E-32 3.036E-06 5.077E-09
4.388E-04 2.644E-07 2.100E-01 3.286E-06 6.540E-10 2.420E-08 2.146E-07 3.220E-16 2.682E-20 3.330E-09 2.265E-11 1.486E-30 1.702E-18 9.667E-16 2.072E-32 2.849E-06 4.821E-09
4.092E-04 2.827E-07 2.100E-01 3.280E-06 6.875E-10 2.525E-08 2.134E-07 3.367E-16 2.820E-20 3.176E-09 1.886E-11 1.862E-30 1.934E-18 9.582E-16 2.031E-32 2.670E-06 4.585E-09
3.814E-04 3.004E-07 2.100E-01 3.274E-06 7.244E-10 2.638E-08 2.122E-07 3.496E-16 2.949E-20 3.030E-09 1.578E-11 2.369E-30 2.214E-18 9.506E-16 2.094E-32 2.499E-06 4.366E-09
3.553E-04 3.176E-07 2.100E-01 3.267E-06 7.653E-10 2.758E-08 2.112E-07 3.614E-16 3.070E-20 2.891E-09 1.329E-11 3.053E-30 2.547E-18 9.438E-16 2.226E-32 2.334E-06 4.163E-09
3.308E-04 3.340E-07 2.100E-01 3.259E-06 8.103E-10 2.889E-08 2.102E-07 3.714E-16 3.182E-20 2.760E-09 1.126E-11 3.989E-30 2.953E-18 9.376E-16 2.411E-32 2.178E-06 3.974E-09
3.078E-04 3.496E-07 2.100E-01 3.250E-06 8.597E-10 3.030E-08 2.094E-07 3.800E-16 3.286E-20 2.637E-09 9.610E-12 5.274E-30 3.442E-18 9.321E-16 2.640E-32 2.029E-06 3.798E-09
2.862E-04 3.645E-07 2.100E-01 3.241E-06 9.137E-10 3.183E-08 2.087E-07 3.870E-16 3.381E-20 2.521E-09 8.270E-12 7.049E-30 4.037E-18 9.270E-16 2.908E-32 1.888E-06 3.635E-09
2.659E-04 3.787E-07 2.100E-01 3.231E-06 9.723E-10 3.350E-08 2.080E-07 3.927E-16 3.468E-20 2.413E-09 7.181E-12 9.502E-30 4.762E-18 9.223E-16 3.213E-32 1.756E-06 3.482E-09
2.469E-04 3.926E-07 2.100E-01 3.221E-06 1.036E-09 3.533E-08 2.074E-07 3.970E-16 3.548E-20 2.312E-09 6.296E-12 1.289E-29 5.647E-18 9.179E-16 3.553E-32 1.632E-06 3.340E-09
2.290E-04 4.062E-07 2.100E-01 3.210E-06 1.104E-09 3.734E-08 2.069E-07 4.003E-16 3.621E-20 2.219E-09 5.576E-12 1.757E-29 6.728E-18 9.137E-16 3.925E-32 1.518E-06 3.207E-09
2.123E-04 4.200E-07 2.100E-01 3.199E-06 1.176E-09 3.954E-08 2.064E-07 4.028E-16 3.689E-20 2.132E-09 4.989E-12 2.400E-29 8.046E-18 9.096E-16 4.324E-32 1.412E-06 3.082E-09
1.965E-04 4.342E-07 2.100E-01 3.186E-06 1.254E-09 4.196E-08 2.059E-07 4.047E-16 3.751E-20 2.053E-09 4.510E-12 3.276E-29 9.650E-18 9.056E-16 4.748E-32 1.315E-06 2.965E-09
1.818E-04 4.490E-07 2.100E-01 3.173E-06 1.335E-09 4.462E-08 2.055E-07 4.063E-16 3.809E-20 1.980E-09 4.117E-12 4.460E-29 1.159E-17 9.015E-16 5.188E-32 1.225E-06 2.856E-09
1.680E-04 4.649E-07 2.100E-01 3.160E-06 1.422E-09 4.755E-08 2.052E-07 4.078E-16 3.864E-20 1.914E-09 3.794E-12 6.041E-29 1.391E-17 8.973E-16 5.637E-32 1.143E-06 2.753E-09
1.551E-04 4.820E-07 2.100E-01 3.146E-06 1.512E-09 5.078E-08 2.048E-07 4.097E-16 3.915E-20 1.854E-09 3.525E-12 8.120E-29 1.667E-17 8.930E-16 6.085E-32 1.067E-06 2.656E-09
1.431E-04 5.008E-07 2.100E-01 3.131E-06 1.608E-09 5.433E-08 2.045E-07 4.120E-16 3.963E-20 1.800E-09 3.301E-12 1.081E-28 1.990E-17 8.883E-16 6.521E-32 9.969E-07 2.564E-09
1.318E-04 5.216E-07 2.100E-01 3.115E-06 1.708E-09 5.824E-08 2.042E-07 4.153E-16 4.009E-20 1.751E-09 3.111E-12 1.422E-28 2.359E-17 8.834E-16 6.936E-32 9.317E-07 2.478E-09
1.213E-04 5.445E-07 2.100E-01 3.099E-06 1.812E-09 6.254E-08 2.040E-07 4.193E-16 4.053E-20 1.708E-09 2.948E-12 1.846E-28 2.777E-17 8.782E-16 7.317E-32 8.712E-07 2.397E-09
1.115E-04 5.702E-07 2.100E-01 3.082E-06 1.922E-09 6.727E-08 2.037E-07 4.250E-16 4.094E-20 1.670E-09 2.807E-12 2.361E-28 3.234E-17 8.727E-16 7.656E-32 8.139E-07 2.319E-09
1.024E-04 5.986E-07 2.100E-01 3.064E-06 2.036E-09 7.247E-08 2.035E-07 4.300E-16 4.132E-20 1.637E-09 2.684E-12 2.974E-28 3.732E-17 8.670E-16 7.944E-32 7.606E-07 2.246E-09
9.390E-05 6.309E-07 2.100E-01 3.044E-06 2.156E-09 7.820E-08 2.033E-07 4.369E-16 4.169E-20 1.609E-09 2.573E-12 3.685E-28 4.249E-17 8.612E-16 8.178E-32 7.092E-07 2.176E-09
8.604E-05 6.664E-07 2.100E-01 3.024E-06 2.280E-09 8.449E-08 2.031E-07 4.446E-16 4.204E-20 1.585E-09 2.474E-12 4.501E-28 4.791E-17 8.553E-16 8.351E-32 6.611E-07 2.110E-09
7.877E-05 7.064E-07 2.100E-01 3.003E-06 2.411E-09 9.141E-08 2.029E-07 4.546E-16 4.236E-20 1.566E-09 2.383E-12 5.420E-28 5.343E-17 8.493E-16 8.464E-32 6.154E-07 2.047E-09
7.204E-05 7.507E-07 2.100E-01 2.981E-06 2.546E-09 9.901E-08 2.027E-07 4.652E-16 4.266E-20 1.552E-09 2.300E-12 6.448E-28 5.912E-17 8.433E-16 8.512E-32 5.730E-07 1.987E-09
6.583E-05 7.999E-07 2.100E-01 2.958E-06 2.686E-09 1.074E-07 2.025E-07 4.766E-16 4.294E-20 1.542E-09 2.224E-12 7.585E-28 6.495E-17 8.371E-16 8.495E-32 5.338E-07 1.929E-09
6.009E-05 8.542E-07 2.100E-01 2.933E-06 2.828E-09 1.165E-07 2.023E-07 4.876E-16 4.319E-20 1.538E-09 2.154E-12 8.836E-28 7.100E-17 8.308E-16 8.411E-32 4.984E-07 1.874E-09
5.480E-05 9.145E-07 2.100E-01 2.907E-06 2.974E-09 1.265E-07 2.022E-07 4.986E-16 4.342E-20 1.538E-09 2.088E-12 1.020E-27 7.723E-17 8.244E-16 8.262E-32 4.664E-07 1.821E-09
4.991E-05 9.805E-07 2.100E-01 2.880E-06 3.120E-09 1.375E-07 2.020E-07 5.070E-16 4.362E-20 1.543E-09 2.028E-12 1.167E-27 8.376E-17 8.177E-16 8.054E-32 4.388E-07 1.771E-09
4.541E-05 1.054E-06 2.100E-01 2.851E-06 3.266E-09 1.496E-07 2.018E-07 5.150E-16 4.380E-20 1.554E-09 1.972E-12 1.324E-27 9.044E-17 8.109E-16 7.799E-32 4.140E-07 1.723E-09
4.125E-05 1.134E-06 2.100E-01 2.821E-06 3.412E-09 1.627E-07 2.016E-07 5.193E-16 4.395E-20 1.571E-09 1.921E-12 1.491E-27 9.736E-17 8.039E-16 7.517E-32 3.932E-07 1.678E-09
3.742E-05 1.223E-06 2.100E-01 2.789E-06 3.559E-09 1.770E-07 2.014E-07 5.220E-16 4.408E-20 1.593E-09 1.874E-12 1.668E-27 1.043E-16 7.969E-16 7.240E-32 3.747E-07 1.634E-09
3.389E-05 1.320E-06 2.100E-01 2.756E-06 3.718E-09 1.926E-07 2.012E-07 5.218E-16 4.418E-20 1.623E-09 1.839E-12 1.857E-27 1.109E-16 7.903E-16 7.011E-32 3.576E-07 1.593E-09
3.066E-05 1.449E-06 2.100E-01 2.721E-06 3.909E-09 2.098E-07 2.010E-07 5.502E-16 4.426E-20 1.659E-09 1.785E-12 2.057E-27 1.169E-16 7.843E-16 6.889E-32 3.267E-07 1.553E-09
2.773E-05 1.599E-06 2.100E-01 2.683E-06 4.118E-09 2.287E-07 2.008E-07 5.862E-16 4.431E-20 1.704E-09 1.732E-12 2.274E-27 1.227E-16 7.785E-16 6.866E-32 2.944E-07 1.515E-09
2.509E-05 1.769E-06 2.100E-01 2.643E-06 4.333E-09 2.497E-07 2.006E-07 6.210E-16 4.434E-20 1.759E-09 1.684E-12 2.511E-27 1.288E-16 7.724E-16 6.922E-32 2.656E-07 1.478E-09
2.269E-05 1.961E-06 2.100E-01 2.601E-06 4.549E-09 2.728E-07 2.003E-07 6.538E-16 4.434E-20 1.823E-09 1.638E-12 2.767E-27 1.353E-16 7.660E-16 7.046E-32 2.401E-07 1.442E-09
2.053E-05 2.182E-06 2.100E-01 2.555E-06 4.762E-09 2.984E-07 2.001E-07 6.834E-16 4.431E-20 1.899E-09 1.592E-12 3.043E-27 1.423E-16 7.589E-16 7.229E-32 2.177E-07 1.407E-09
1.857E-05 2.436E-06 2.100E-01 2.508E-06 4.970E-09 3.266E-07 1.998E-07 7.084E-16 4.425E-20 1.988E-09 1.547E-12 3.339E-27 1.499E-16 7.513E-16 7.467E-32 1.979E-07 1.374E-09
1.680E-05 2.727E-06 2.100E-01 2.457E-06 5.172E-09 3.577E-07 1.995E-07 7.271E-16 4.417E-20 2.091E-09 1.501E-12 3.667E-27 1.581E-16 7.432E-16 7.757E-32 1.802E-07 1.341E-09
1.519E-05 3.053E-06 2.100E-01 2.404E-06 5.375E-09 3.919E-07 1.992E-07 7.377E-16 4.405E-20 2.209E-09 1.462E-12 4.054E-27 1.666E-16 7.347E-16 8.101E-32 1.640E-07 1.309E-09
1.374E-05 3.395E-06 2.100E-01 2.348E-06 5.624E-09 4.295E-07 1.988E-07 7.392E-16 4.391E-20 2.345E-09 1.446E-12 4.562E-27 1.743E-16 7.270E-16 8.505E-32 1.482E-07 1.279E-09
1.243E-05 3.729E-06 2.100E-01 2.289E-06 6.015E-09 4.708E-07 1.984E-07 7.327E-16 4.375E-20 2.501E-09 1.477E-12 5.270E-27 1.798E-16 7.215E-16 8.983E-32 1.320E-07 1.249E-09
1.125E-05 4.091E-06 2.100E-01 2.226E-06 6.646E-09 5.163E-07 1.980E-07 7.226E-16 4.356E-20 2.678E-09 1.556E-12 6.149E-27 1.830E-16 7.184E-16 9.570E-32 1.172E-07 1.220E-09
1.017E-05 4.787E-06 2.100E-01 2.157E-06 7.323E-09 5.663E-07 1.976E-07 7.087E-16 4.335E-20 2.876E-09 1.551E-12 6.741E-27 1.895E-16 7.119E-16 1.032E-31 1.104E-07 1.192E-09
9.205E-06 6.786E-06 2.100E-01 2.079E-06 7.128E-09 6.216E-07 1.971E-07 6.707E-16 4.312E-20 3.082E-09 1.182E-12 6.036E-27 2.137E-16 6.877E-16 1.130E-31 1.244E-07 1.165E-09
8.327E-06 1.216E-05 2.100E-01 1.993E-06 5.582E-09 6.824E-07 1.966E-07 5.995E-16 4.287E-20 3.259E-09 6.253E-13 4.001E-27 2.678E-16 6.336E-16 1.252E-31 1.748E-07 1.138E-09
7.534E-06 2.404E-05 2.100E-01 1.904E-06 3.849E-09 7.487E-07 1.960E-07 5.236E-16 4.261E-20 3.334E-09 3.012E-13 2.122E-27 3.437E-16 5.578E-16 1.391E-31 2.709E-07 1.113E-09
6.816E-06 4.607E-05 2.100E-01 1.816E-06 2.653E-09 8.206E-07 1.954E-07 4.578E-16 4.232E-20 3.241E-09 1.732E-13 1.002E-27 4.229E-16 4.785E-16 1.532E-31 4.103E-07 1.088E-09
6.166E-06 8.232E-05 2.100E-01 1.730E-06 1.916E-09 8.982E-07 1.947E-07 4.028E-16 4.201E-20 2.964E-09 1.175E-13 4.469E-28 4.930E-16 4.084E-16 1.661E-31 5.846E-07 1.063E-09
5.579E-06 1.372E-04 2.099E-01 1.648E-06 1.454E-09 9.819E-07 1.940E-07 3.568E-16 4.168E-20 2.556E-09 8.457E-14 1.930E-28 5.498E-16 3.517E-16 1.767E-31 7.836E-07 1.040E-09
5.047E-06 2.155E-04 2.099E-01 1.569E-06 1.146E-09 1.072E-06 1.932E-07 3.181E-16 4.134E-20 2.111E-09 6.118E-14 8.178E-29 5.933E-16 3.081E-16 1.844E-31 9.967E-07 1.017E-09
4.567E-06 3.221E-04 2.098E-01 1.493E-06 9.289E-10 1.169E-06 1.924E-07 2.851E-16 4.098E-20 1.708E-09 4.422E-14 3.419E-29 6.258E-16 2.756E-16 1.892E-31 1.214E-06 9.943E-10
4.132E-06 4.624E-04 2.098E-01 1.421E-06 7.668E-10 1.274E-06 1.915E-07 2.566E-16 4.060E-20 1.384E-09 3.224E-14 1.416E-29 6.498E-16 2.517E-16 1.910E-31 1.426E-06 9.726E-10
3.738E-06 6.414E-04 2.097E-01 1.352E-06 6.405E-10 1.386E-06 1.905E-07 2.318E-16 4.020E-20 1.134E-09 2.386E-14 5.816E-30 6.674E-16 2.340E-16 1.903E-31 1.625E-06 9.515E-10
3.383E-06 8.643E-04 2.096E-01 1.287E-06 5.391E-10 1.508E-06 1.895E-07 2.099E-16 3.980E-20 9.416E-10 1.791E-14 2.376E-30 6.807E-16 2.208E-16 1.876E-31 1.804E-06 9.309E-10
3.061E-06 1.138E-03 2.094E-01 1.224E-06 4.555E-10 1.640E-06 1.884E-07 1.904E-16 3.938E-20 7.886E-10 1.357E-14 9.633E-31 6.910E-16 2.105E-16 1.833E-31 1.960E-06 9.109E-10
2.769E-06 1.469E-03 2.093E-01 1.164E-06 3.857E-10 1.785E-06 1.871E-07 1.729E-16 3.894E-20 6.638E-10 1.034E-14 3.865E-31 6.993E-16 2.021E-16 1.779E-31 2.093E-06 8.912E-10
2.506E-06 1.865E-03 2.091E-01 1.107E-06 3.269E-10 1.943E-06 1.858E-07 1.570E-16 3.848E-20 5.602E-10 7.899E-15 1.536E-31 7.064E-16 1.950E-16 1.717E-31 2.199E-06 8.718E-10
2.267E-06 2.333E-03 2.088E-01 1.051E-06 2.769E-10 2.116E-06 1.844E-07 1.427E-16 3.801E-20 4.734E-10 6.042E-15 6.050E-32 7.129E-16 1.885E-16 1.652E-31 2.277E-06 8.527E-10
2.052E-06 2.879E-03 2.086E-01 9.978E-07 2.344E-10 2.305E-06 1.828E-07 1.295E-16 3.752E-20 4.000E-10 4.622E-15 2.367E-32 7.192E-16 1.823E-16 1.586E-31 2.328E-06 8.340E-10
1.857E-06 3.511E-03 2.082E-01 9.467E-07 1.981E-10 2.512E-06 1.811E-07 1.176E-16 3.700E-20 3.379E-10 3.534E-15 9.213E-33 7.254E-16 1.761E-16 1.521E-31 2.352E-06 8.156E-10
1.680E-06 4.238E-03 2.079E-01 8.977E-07 1.672E-10 2.740E-06 1.793E-07 1.066E-16 3.647E-20 2.851E-10 2.699E-15 3.576E-33 7.317E-16 1.698E-16 1.459E-31 2.351E-06 7.976E-10
1.520E-06 5.069E-03 2.075E-01 8.506E-07 1.408E-10 2.990E-06 1.773E-07 9.664E-17 3.591E-20 2.403E-10 2.059E-15 1.388E-33 7.382E-16 1.633E-16 1.402E-31 2.328E-06 7.799E-10
1.376E-06 6.014E-03 2.070E-01 8.054E-07 1.184E-10 3.263E-06 1.751E-07 8.775E-17 3.533E-20 2.022E-10 1.569E-15 5.410E-34 7.448E-16 1.566E-16 1.349E-31 2.286E-06 7.625E-10
1.245E-06 7.084E-03 2.065E-01 7.621E-07 9.930E-11 3.564E-06 1.726E-07 8.016E-17 3.472E-20 1.700E-10 1.194E-15 2.126E-34 7.517E-16 1.498E-16 1.301E-31 2.227E-06 7.454E-10
1.127E-06 8.293E-03 2.059E-01 7.203E-07 8.313E-11 3.894E-06 1.700E-07 7.441E-17 3.407E-20 1.427E-10 9.072E-16 8.469E-35 7.587E-16 1.428E-16 1.258E-31 2.153E-06 7.286E-10
1.020E-06 9.653E-03 2.052E-01 6.802E-07 6.946E-11 4.257E-06 1.671E-07 7.136E-17 3.339E-20 1.197E-10 6.887E-16 3.440E-35 7.658E-16 1.357E-16 1.221E-31 2.069E-06 7.121E-10
9.227E-07 1.118E-02 2.044E-01 6.415E-07 5.792E-11 4.656E-06 1.639E-07 7.236E-17 3.266E-20 1.003E-10 5.223E-16 1.433E-35 7.729E-16 1.286E-16 1.187E-31 1.976E-06 6.960E-10
8.351E-07 1.289E-02 2.036E-01 6.042E-07 4.821E-11 5.094E-06 1.605E-07 7.921E-17 3.189E-20 8.393E-11 3.958E-16 6.148E-36 7.800E-16 1.214E-16 1.158E-31 1.877E-06 6.800E-10
7.558E-07 1.480E-02 2.026E-01 5.682E-07 4.005E-11 5.575E-06 1.566E-07 9.407E-17 3.106E-20 7.022E-11 2.998E-16 2.727E-36 7.871E-16 1.143E-16 1.133E-31 1.773E-06 6.644E-10
6.840E-07 1.693E-02 2.015E-01 5.333E-07 3.321E-11 6.102E-06 1.525E-07 1.193E-16 3.018E-20 5.874E-11 2.270E-16 1.252E-36 7.941E-16 1.073E-16 1.111E-31 1.667E-06 6.490E-10
6.190E-07 1.929E-02 2.004E-01 4.994E-07 2.750E-11 6.680E-06 1.480E-07 1.569E-16 2.925E-20 4.915E-11 1.719E-16 5.948E-37 8.010E-16 1.004E-16 1.093E-31 1.560E-06 6.338E-10
5.603E-07 2.191E-02 1.990E-01 4.666E-07 2.273E-11 7.311E-06 1.431E-07 2.086E-16 2.825E-20 4.114E-11 1.303E-16 2.915E-37 8.078E-16 9.369E-17 1.078E-31 1.453E-06 6.189E-10
5.071E-07 2.480E-02 1.976E-01 4.348E-07 1.875E-11 7.999E-06 1.378E-07 2.750E-16 2.718E-20 3.447E-11 9.881E-17 1.470E-37 8.143E-16 8.712E-17 1.065E-31 1.347E-06 6.042E-10
4.589E-07 2.798E-02 1.960E-01 4.038E-07 1.545E-11 8.746E-06 1.321E-07 3.556E-16 2.606E-20 2.892E-11 7.505E-17 7.595E-38 8.207E-16 8.073E-17 1.054E-31 1.243E-06 5.897E-10
4.154E-07 3.145E-02 1.943E-01 3.739E-07 1.271E-11 9.554E-06 1.262E-07 4.487E-16 2.489E-20 2.431E-11 5.711E-17 4.012E-38 8.269E-16 7.455E-17 1.046E-31 1.141E-06 5.755E-10
3.760E-07 3.524E-02 1.924E-01 3.450E-07 1.044E-11 1.042E-05 1.199E-07 5.515E-16 2.366E-20 2.049E-11 4.357E-17 2.162E-38 8.329E-16 6.859E-17 1.039E-31 1.043E-06 5.614E-10
3.403E-07 3.934E-02 1.903E-01 3.171E-07 8.561E-12 1.135E-05 1.134E-07 6.605E-16 2.240E-20 1.732E-11 3.334E-17 1.187E-38 8.386E-16 6.287E-17 1.034E-31 9.488E-07 5.476E-10
3.080E-07 4.376E-02 1.881E-01 2.903E-07 7.011E-12 1.234E-05 1.067E-07 7.714E-16 2.110E-20 1.469E-11 2.561E-17 6.633E-39 8.440E-16 5.741E-17 1.030E-31 8.587E-07 5.340E-10
2.788E-07 4.849E-02 1.858E-01 2.648E-07 5.733E-12 1.338E-05 9.997E-08 8.802E-16 1.979E-20 1.252E-11 1.976E-17 3.770E-39 8.492E-16 5.221E-17 1.027E-31 7.732E-07 5.206E-10
2.524E-07 5.353E-02 1.832E-01 2.405E-07 4.683E-12 1.448E-05 9.318E-08 9.831E-16 1.847E-20 1.073E-11 1.533E-17 2.181E-39 8.541E-16 4.730E-17 1.024E-31 6.927E-07 5.076E-10
2.284E-07 5.886E-02 1.806E-01 2.176E-07 3.820E-12 1.562E-05 8.646E-08 1.077E-15 1.716E-20 9.250E-12 1.196E-17 1.284E-39 8.588E-16 4.268E-17 1.022E-31 6.174E-07 4.948E-10
2.068E-07 6.447E-02 1.778E-01 1.962E-07 3.113E-12 1.679E-05 7.988E-08 1.160E-15 1.588E-20 8.026E-12 9.398E-18 7.693E-40 8.631E-16 3.835E-17 1.020E-31 5.474E-07 4.823E-10
1.872E-07 7.034E-02 1.748E-01 1.762E-07 2.534E-12 1.799E-05 7.350E-08 1.230E-15 1.462E-20 7.015E-12 7.437E-18 4.697E-40 8.671E-16 3.433E-17 1.018E-31 4.828E-07 4.701E-10
1.694E-07 7.644E-02 1.718E-01 1.577E-07 2.062E-12 1.921E-05 6.741E-08 1.288E-15 1.341E-20 6.180E-12 5.931E-18 2.922E-40 8.708E-16 3.060E-17 1.015E-31 4.237E-07 4.583E-10
1.534E-07 8.273E-02 1.686E-01 1.408E-07 1.677E-12 2.044E-05 6.164E-08 1.334E-15 1.226E-20 5.489E-12 4.770E-18 1.854E-40 8.742E-16 2.717E-17 1.012E-31 3.699E-07 4.470E-10
1.389E-07 8.916E-02 1.654E-01 1.255E-07 1.364E-12 2.166E-05 5.625E-08 1.371E-15 1.117E-20 4.917E-12 3.869E-18 1.201E-40 8.774E-16 2.403E-17 1.008E-31 3.213E-07 4.361E-10
1.257E-07 9.567E-02 1.622E-01 1.116E-07 1.110E-12 2.286E-05 5.129E-08 1.401E-15 1.015E-20 4.444E-12 3.165E-18 7.949E-41 8.802E-16 2.116E-17 1.003E-31 2.776E-07 4.258E-10
1.138E-07 1.022E-01 1.589E-01 9.936E-08 9.047E-13 2.402E-05 4.678E-08 1.430E-15 9.215E-21 4.052E-12 2.613E-18 5.387E-41 8.828E-16 1.856E-17 9.970E-32 2.387E-07 4.160E-10
1.030E-07 1.086E-01 1.557E-01 8.862E-08 7.398E-13 2.512E-05 4.277E-08 1.462E-15 8.362E-21 3.729E-12 2.178E-18 3.748E-41 8.851E-16 1.621E-17 9.892E-32 2.041E-07 4.070E-10
9.326E-08 1.148E-01 1.526E-01 7.942E-08 6.083E-13 2.613E-05 3.928E-08 1.506E-15 7.605E-21 3.465E-12 1.832E-18 2.690E-41 8.872E-16 1.411E-17 9.799E-32 1.737E-07 3.988E-10
8.443E-08 1.206E-01 1.497E-01 7.181E-08 5.048E-13 2.704E-05 3.636E-08 1.571E-15 6.955E-21 3.252E-12 1.557E-18 2.004E-41 8.891E-16 1.224E-17 9.694E-32 1.469E-07 3.916E-10
7.644E-08 1.256E-01 1.472E-01 6.584E-08 4.254E-13 2.780E-05 3.406E-08 1.674E-15 6.425E-21 3.087E-12 1.338E-18 1.567E-41 8.907E-16 1.064E-17 9.582E-32 1.235E-07 3.856E-10
6.920E-08 1.296E-01 1.452E-01 6.163E-08 3.676E-13 2.837E-05 3.242E-08 1.837E-15 6.038E-21 2.969E-12 1.165E-18 1.306E-41 8.919E-16 9.364E-18 9.476E-32 1.032E-07 3.812E-10
6.265E-08 1.319E-01 1.440E-01 5.938E-08 3.315E-13 2.869E-05 3.155E-08 2.101E-15 5.822E-21 2.905E-12 1.032E-18 1.180E-41 8.927E-16 8.554E-18 9.401E-32 8.612E-08 3.787E-10
